n = 10 ; 
T = 96 ; 
Init = [ 1 1 1 0 0 0 0 0 0 0 ]
L = [ 7 7 7 19 20 9 9 15 5 10 ]
l = [ 7 7 7 19 20 9 9 15 5 10 ]
Pmin = [ 92 92 92 309 315 115 115 223 66 136 ]
Pmax = [ 122 122 122 413 420 153 153 298 88 181 ]
cf = [ 68.4283 68.4283 68.4283 44.0587 35.0559 23.8564 23.8564 56.6139 41.9126 20.8098 ]
c0 = [ 112 112 112 250 250 116 116 213 97 157 ]
cp = [ 39.0278 39.0278 39.0278 11.1365 8.64738 37.1487 37.1487 17.5205 40.8751 27.0399 ]
D = [ 573 612 603 726 706 815 825 917 947 981 1021 1083 1112 1194 1213 1265 1340 1409 1449 1510 1540 1560 1593 1681 1701 1696 1564 1556 1494 1390 1283 1285 1172 1089 1082 1119 1232 1240 1319 1414 1489 1381 1229 1189 1030 930 810 760 654 669 724 806 839 869 956 953 1025 1098 1130 1187 1236 1318 1335 1405 1413 1455 1530 1620 1617 1676 1716 1803 1849 1738 1726 1623 1580 1494 1423 1349 1228 1160 1117 1205 1260 1315 1349 1424 1501 1412 1307 1196 1055 916 824 722 ]
K = 7
nk = [ 1 1 1 2 3 4 4 5 6 7 ]
First = [ 1 0 0 1 1 1 0 1 1 1 ]
Last = [ 0 0 1 1 1 0 1 1 1 1 ]
nS = 1
S = [ 0 1 2 3 4 5 6 7 8 9 ]
