n = 10 ; 
T = 96 ; 
Init = [ 0 0 0 0 0 1 1 1 1 1 ]
L = [ 11 11 11 11 11 12 20 20 20 12 ]
l = [ 11 11 11 11 11 12 20 20 20 12 ]
Pmin = [ 152 152 158 158 158 176 315 315 315 182 ]
Pmax = [ 203 203 211 211 211 235 420 420 420 243 ]
cf = [ 26.0544 26.0544 59.9187 59.9187 59.9187 50.8788 30.4388 30.4388 30.4388 23.0617 ]
c0 = [ 136 136 168 168 168 170 250 250 250 177 ]
cp = [ 28.4915 28.4915 23.0665 23.0665 23.0665 20.6532 11.0021 11.0021 11.0021 24.7592 ]
D = [ 628 691 798 832 888 991 1064 1157 1194 1244 1328 1376 1460 1597 1661 1710 1730 1855 1887 1983 2094 2124 2214 2308 2383 2246 2113 2039 1947 1873 1790 1701 1619 1461 1336 1443 1633 1714 1843 1888 2059 1829 1699 1621 1457 1211 1111 897 764 856 902 1023 1077 1144 1157 1232 1311 1441 1418 1545 1534 1620 1718 1791 1898 1932 1957 1988 2158 2149 2281 2360 2405 2320 2202 2105 1986 1872 1862 1728 1641 1499 1422 1515 1677 1740 1841 1906 2034 1891 1752 1538 1416 1198 991 911 ]
K = 5
nk = [ 1 1 2 2 2 3 4 4 4 5 ]
First = [ 1 0 1 0 0 1 1 0 0 1 ]
Last = [ 0 1 0 0 1 1 0 0 1 1 ]
nS = 1
S = [ 0 1 2 3 4 5 6 7 8 9 ]
