n = 10 ; 
T = 96 ; 
Init = [ 0 1 0 0 0 0 0 0 0 1 ]
L = [ 4 7 9 18 11 11 5 16 16 11 ]
l = [ 4 7 9 18 11 11 5 16 16 11 ]
Pmin = [ 50 86 110 283 172 172 45 246 246 141 ]
Pmax = [ 67 115 147 378 229 229 61 328 328 189 ]
cf = [ 20.293 16.9059 18.8632 33.6112 25.3182 25.3182 17.7359 69.6356 69.6356 50.9033 ]
c0 = [ 81 121 112 244 173 173 88 221 221 143 ]
cp = [ 40.395 36.7025 27.5973 15.5288 34.8301 34.8301 41.3889 14.874 14.874 23.0898 ]
D = [ 433 499 560 632 722 733 763 873 917 952 991 1079 1102 1194 1260 1298 1374 1353 1476 1489 1540 1570 1651 1677 1748 1716 1612 1592 1523 1444 1307 1312 1163 1116 1056 1166 1217 1275 1358 1398 1520 1391 1185 1079 988 877 755 602 451 495 531 580 673 761 813 815 838 965 972 1019 1075 1122 1149 1277 1253 1334 1431 1405 1489 1525 1616 1634 1674 1625 1551 1552 1435 1381 1349 1274 1211 1164 1087 1137 1282 1358 1442 1558 1628 1532 1344 1284 1100 971 904 728 ]
K = 8
nk = [ 1 2 3 4 5 5 6 7 7 8 ]
First = [ 1 1 1 1 1 0 1 1 0 1 ]
Last = [ 1 1 1 1 0 1 1 0 1 1 ]
nS = 1
S = [ 0 1 2 3 4 5 6 7 8 9 ]
