n = 10 ; 
T = 96 ; 
Init = [ 0 0 1 1 0 0 0 0 0 1 ]
L = [ 7 7 13 5 11 11 18 11 12 4 ]
l = [ 7 7 13 5 11 11 18 11 12 4 ]
Pmin = [ 101 101 201 59 173 173 301 165 171 28 ]
Pmax = [ 134 134 268 78 231 231 402 220 228 37 ]
cf = [ 54.2641 54.2641 28.0367 31.3013 35.7073 35.7073 24.1078 14.8868 22.0222 54.8124 ]
c0 = [ 114 114 183 72 157 157 250 158 179 55 ]
cp = [ 35.8097 35.8097 21.9087 32.6338 28.0179 28.0179 17.3657 21.5954 33.4997 37.7458 ]
D = [ 415 467 575 603 681 709 777 842 872 886 993 1047 1037 1096 1154 1189 1311 1336 1376 1425 1514 1542 1600 1651 1730 1630 1571 1434 1382 1315 1225 1171 1103 990 911 1026 1123 1216 1264 1339 1394 1308 1193 1074 995 886 750 662 560 615 625 671 743 769 840 841 932 944 953 1007 1095 1137 1208 1230 1241 1306 1381 1416 1477 1465 1530 1592 1633 1537 1469 1445 1369 1311 1303 1175 1126 1082 1034 1067 1137 1247 1314 1430 1429 1333 1174 1090 913 779 672 539 ]
K = 8
nk = [ 1 1 2 3 4 4 5 6 7 8 ]
First = [ 1 0 1 1 1 0 1 1 1 1 ]
Last = [ 0 1 1 1 0 1 1 1 1 1 ]
nS = 1
S = [ 0 1 2 3 4 5 6 7 8 9 ]
