n = 10 ; 
T = 96 ; 
Init = [ 1 1 0 0 0 0 0 1 1 1 ]
L = [ 6 6 6 6 10 7 19 5 5 4 ]
l = [ 6 6 6 6 10 7 19 5 5 4 ]
Pmin = [ 65 65 71 71 135 95 315 50 50 47 ]
Pmax = [ 87 87 94 94 180 126 420 67 67 63 ]
cf = [ 20.2115 20.2115 11.6404 11.6404 27.2141 52.6963 43.6973 10.6896 10.6896 25.7136 ]
c0 = [ 107 107 100 100 156 111 250 66 66 79 ]
cp = [ 38.282 38.282 40.8461 40.8461 28.3237 36.2533 9.10479 41.2702 41.2702 36.1405 ]
D = [ 304 371 381 414 437 467 504 571 604 597 629 655 682 730 779 826 836 878 886 917 952 984 1028 1072 1081 1049 998 957 904 899 836 786 765 733 684 731 777 811 842 888 884 856 737 670 607 557 453 421 343 372 380 423 440 500 531 584 622 643 664 711 724 755 810 820 844 909 928 996 1014 1038 1065 1103 1147 1078 1063 969 938 907 860 778 741 669 646 705 770 804 881 951 1023 936 817 717 628 530 456 358 ]
K = 7
nk = [ 1 1 2 2 3 4 5 6 6 7 ]
First = [ 1 0 1 0 1 1 1 1 0 1 ]
Last = [ 0 1 0 1 1 1 1 0 1 1 ]
nS = 1
S = [ 0 1 2 3 4 5 6 7 8 9 ]
