n = 10 ; 
T = 96 ; 
Init = [ 1 1 1 1 1 1 1 1 0 0 ]
L = [ 13 13 7 8 8 7 9 9 15 17 ]
l = [ 13 13 7 8 8 7 9 9 15 17 ]
Pmin = [ 210 210 87 93 93 72 126 126 244 271 ]
Pmax = [ 280 280 115 124 124 96 168 168 325 362 ]
cf = [ 62.9155 62.9155 26.9348 27.5257 27.5257 7.31769 43.6805 43.6805 55.5772 68.9988 ]
c0 = [ 206 206 104 117 117 92 143 143 213 227 ]
cp = [ 28.8958 28.8958 33.8762 33.2422 33.2422 39.344 29.2568 29.2568 25.8302 19.0752 ]
D = [ 600 598 667 739 749 807 842 861 942 988 987 1041 1154 1173 1225 1292 1301 1307 1374 1439 1492 1493 1575 1650 1696 1611 1554 1488 1453 1381 1264 1260 1139 1127 1067 1136 1199 1272 1396 1495 1567 1430 1240 1166 1002 900 764 646 515 511 619 635 717 739 783 855 903 923 1017 1035 1137 1137 1218 1229 1272 1368 1370 1490 1529 1589 1596 1665 1722 1617 1550 1499 1427 1357 1280 1196 1152 1049 930 1072 1096 1207 1288 1391 1469 1313 1182 1112 986 885 775 640 ]
K = 7
nk = [ 1 1 2 3 3 4 5 5 6 7 ]
First = [ 1 0 1 1 0 1 1 0 1 1 ]
Last = [ 0 1 1 0 1 1 0 1 1 1 ]
nS = 1
S = [ 0 1 2 3 4 5 6 7 8 9 ]
