n = 10 ; 
T = 96 ; 
Init = [ 1 0 1 1 1 1 1 0 1 1 ]
L = [ 17 5 17 8 8 15 15 7 17 17 ]
l = [ 17 5 17 8 8 15 15 7 17 17 ]
Pmin = [ 291 54 291 101 101 243 243 91 289 289 ]
Pmax = [ 387 72 388 135 135 324 324 122 385 385 ]
cf = [ 68.857 64.8376 57.9351 67.6664 67.6664 69.4825 69.4825 34.5054 44.9437 44.9437 ]
c0 = [ 235 90 250 117 117 219 219 100 250 250 ]
cp = [ 11.3169 31.8463 11.0791 25.9817 25.9817 31.3589 31.3589 32.1044 16.6948 16.6948 ]
D = [ 553 583 709 792 883 893 1027 1050 1142 1249 1320 1414 1420 1485 1649 1681 1709 1866 1886 1930 2090 2158 2220 2297 2364 2269 2188 2061 1969 1884 1770 1731 1601 1537 1400 1505 1596 1737 1897 2005 2177 1936 1771 1582 1438 1254 1129 938 731 845 884 991 1014 1130 1136 1277 1269 1333 1440 1466 1595 1686 1680 1721 1849 1934 1918 2080 2062 2133 2214 2287 2402 2297 2169 2111 1953 1870 1794 1675 1639 1537 1353 1477 1628 1694 1787 1970 2033 1885 1746 1484 1361 1149 969 801 ]
K = 7
nk = [ 1 2 3 4 4 5 5 6 7 7 ]
First = [ 1 1 1 1 0 1 0 1 1 0 ]
Last = [ 1 1 1 0 1 0 1 1 0 1 ]
nS = 1
S = [ 0 1 2 3 4 5 6 7 8 9 ]
