n = 10 ; 
T = 96 ; 
Init = [ 0 1 1 1 1 1 1 0 0 0 ]
L = [ 15 12 12 9 15 15 15 10 10 10 ]
l = [ 15 12 12 9 15 15 15 10 10 10 ]
Pmin = [ 229 176 176 123 241 241 241 144 144 144 ]
Pmax = [ 305 235 235 164 322 322 322 192 192 192 ]
cf = [ 56.1838 55.5725 55.5725 67.2821 68.7171 68.7171 68.7171 37.5612 37.5612 37.5612 ]
c0 = [ 219 165 165 129 224 224 224 135 135 135 ]
cp = [ 21.6795 29.5228 29.5228 37.6325 17.2618 17.2618 17.2618 25.5551 25.5551 25.5551 ]
D = [ 596 650 689 808 868 950 954 1084 1100 1149 1287 1360 1384 1436 1512 1546 1614 1688 1840 1811 1936 1988 2068 2149 2142 2052 1968 1912 1772 1767 1614 1536 1419 1339 1214 1401 1449 1572 1723 1821 1927 1753 1559 1424 1237 1052 885 699 479 620 597 676 728 843 877 919 976 1126 1145 1217 1237 1325 1428 1454 1576 1559 1674 1703 1772 1833 1954 2019 2093 1967 1892 1823 1694 1682 1598 1481 1446 1374 1271 1386 1428 1557 1550 1683 1798 1623 1443 1391 1239 1097 908 815 ]
K = 5
nk = [ 1 2 2 3 4 4 4 5 5 5 ]
First = [ 1 1 0 1 1 0 0 1 0 0 ]
Last = [ 1 0 1 1 0 0 1 0 0 1 ]
nS = 1
S = [ 0 1 2 3 4 5 6 7 8 9 ]
