n = 10 ; 
T = 96 ; 
Init = [ 0 0 0 0 1 0 0 1 1 1 ]
L = [ 4 4 13 13 7 6 11 18 18 7 ]
l = [ 4 4 13 13 7 6 11 18 18 7 ]
Pmin = [ 24 24 210 210 85 81 145 292 292 90 ]
Pmax = [ 32 32 280 280 113 108 194 389 389 120 ]
cf = [ 38.8143 38.8143 21.526 21.526 62.317 60.3825 10.9829 65.4918 65.4918 12.5976 ]
c0 = [ 69 69 197 197 87 101 158 245 245 128 ]
cp = [ 41.6464 41.6464 21.3421 21.3421 34.9352 35.2166 36.2179 16.7259 16.7259 38.0636 ]
D = [ 503 608 599 689 709 750 803 904 911 955 1032 1095 1102 1198 1241 1270 1307 1328 1408 1442 1480 1549 1596 1619 1721 1616 1571 1508 1419 1325 1215 1200 1085 994 942 1029 1084 1188 1249 1340 1362 1259 1173 1039 906 814 738 593 447 532 570 622 662 714 754 855 872 897 960 1041 1091 1087 1147 1225 1284 1359 1383 1454 1480 1486 1539 1587 1710 1612 1534 1450 1385 1291 1218 1184 1126 1041 932 1027 1106 1228 1296 1420 1517 1387 1253 1138 1032 908 822 646 ]
K = 7
nk = [ 1 1 2 2 3 4 5 6 6 7 ]
First = [ 1 0 1 0 1 1 1 1 0 1 ]
Last = [ 0 1 0 1 1 1 1 0 1 1 ]
nS = 1
S = [ 0 1 2 3 4 5 6 7 8 9 ]
