n = 10 ; 
T = 96 ; 
Init = [ 0 0 0 0 0 0 0 0 0 1 ]
L = [ 19 14 14 8 8 17 17 5 5 12 ]
l = [ 19 14 14 8 8 17 17 5 5 12 ]
Pmin = [ 298 210 210 110 110 271 271 30 30 185 ]
Pmax = [ 398 280 280 146 146 361 361 40 40 247 ]
cf = [ 53.6218 11.05 11.05 25.6953 25.6953 38.2977 38.2977 46.6521 46.6521 30.1767 ]
c0 = [ 250 200 200 134 134 236 236 72 72 198 ]
cp = [ 13.498 28.5796 28.5796 38.6879 38.6879 12.1981 12.1981 38.5214 38.5214 31.0049 ]
D = [ 534 604 598 727 743 856 865 911 1031 1130 1195 1223 1318 1366 1396 1512 1538 1597 1642 1779 1759 1872 1970 1973 2106 1998 1862 1740 1659 1571 1471 1361 1277 1199 1061 1208 1274 1360 1489 1609 1637 1537 1392 1219 1102 1014 800 736 590 635 709 748 753 893 947 959 1004 1044 1160 1222 1220 1299 1334 1418 1441 1505 1615 1674 1730 1804 1791 1895 1892 1814 1730 1676 1651 1524 1420 1388 1249 1163 1112 1208 1309 1450 1594 1681 1806 1659 1494 1394 1269 1083 917 758 ]
K = 6
nk = [ 1 2 2 3 3 4 4 5 5 6 ]
First = [ 1 1 0 1 0 1 0 1 0 1 ]
Last = [ 1 0 1 0 1 0 1 0 1 1 ]
nS = 1
S = [ 0 1 2 3 4 5 6 7 8 9 ]
