n = 10 ; 
T = 96 ; 
Init = [ 0 0 1 1 0 0 0 0 0 0 ]
L = [ 18 18 5 5 8 8 15 15 7 5 ]
l = [ 18 18 5 5 8 8 15 15 7 5 ]
Pmin = [ 306 306 56 32 92 92 239 239 83 68 ]
Pmax = [ 408 408 74 43 123 123 318 318 111 91 ]
cf = [ 12.2504 12.2504 16.7297 14.6354 26.3262 26.3262 32.9771 32.9771 39.0208 68.7181 ]
c0 = [ 250 250 75 70 111 111 215 215 93 93 ]
cp = [ 13.1117 13.1117 37.0689 41.6343 37.2373 37.2373 17.8619 17.8619 33.5807 38.3825 ]
D = [ 493 518 594 653 659 721 791 842 902 918 1003 1013 1048 1105 1180 1212 1257 1339 1368 1428 1438 1474 1573 1615 1629 1576 1579 1446 1382 1337 1292 1249 1181 1082 1049 1146 1189 1305 1324 1378 1461 1334 1248 1137 1017 877 829 706 539 625 667 690 758 807 825 908 892 1006 1000 1025 1084 1107 1187 1214 1268 1334 1375 1414 1428 1470 1504 1572 1599 1596 1483 1449 1367 1303 1221 1191 1168 1085 1033 1100 1170 1239 1345 1435 1493 1418 1277 1139 1042 856 781 613 ]
K = 7
nk = [ 1 1 2 3 4 4 5 5 6 7 ]
First = [ 1 0 1 1 1 0 1 0 1 1 ]
Last = [ 0 1 1 1 0 1 0 1 1 1 ]
nS = 1
S = [ 0 1 2 3 4 5 6 7 8 9 ]
