n = 10 ; 
T = 96 ; 
Init = [ 1 1 1 1 1 1 0 0 0 0 ]
L = [ 10 10 10 10 7 7 14 14 14 5 ]
l = [ 10 10 10 10 7 7 14 14 14 5 ]
Pmin = [ 134 134 134 134 74 74 211 211 211 37 ]
Pmax = [ 178 178 178 178 99 99 282 282 282 49 ]
cf = [ 51.5742 51.5742 51.5742 51.5742 13.3292 13.3292 35.8786 35.8786 35.8786 69.8025 ]
c0 = [ 125 125 125 125 103 103 193 193 193 66 ]
cp = [ 30.8857 30.8857 30.8857 30.8857 29.6576 29.6576 30.0219 30.0219 30.0219 36.5016 ]
D = [ 498 541 619 615 688 753 763 787 828 919 953 949 1051 1028 1120 1111 1205 1253 1270 1330 1389 1362 1463 1449 1536 1436 1434 1335 1258 1215 1169 1093 1051 971 920 959 1024 1134 1155 1219 1307 1214 1054 950 865 682 599 494 344 442 478 507 590 587 670 699 782 849 895 958 961 1057 1051 1102 1157 1225 1302 1309 1405 1424 1462 1565 1617 1541 1459 1393 1275 1223 1170 1069 991 922 871 897 991 1043 1118 1171 1239 1136 1028 947 888 723 642 514 ]
K = 4
nk = [ 1 1 1 1 2 2 3 3 3 4 ]
First = [ 1 0 0 0 1 0 1 0 0 1 ]
Last = [ 0 0 0 1 0 1 0 0 1 1 ]
nS = 1
S = [ 0 1 2 3 4 5 6 7 8 9 ]
