n = 10 ; 
T = 96 ; 
Init = [ 1 1 1 1 0 0 0 1 0 0 ]
L = [ 9 9 9 15 9 14 19 18 15 15 ]
l = [ 9 9 9 15 9 14 19 18 15 15 ]
Pmin = [ 138 138 138 236 118 234 298 276 237 237 ]
Pmax = [ 184 184 184 315 158 313 397 369 317 317 ]
cf = [ 15.6487 15.6487 15.6487 19.8067 14.7684 29.7123 8.9241 33.0262 31.5613 31.5613 ]
c0 = [ 160 160 160 202 116 216 250 246 207 207 ]
cp = [ 31.6224 31.6224 31.6224 16.7469 26.5458 18.675 18.2632 18.5601 20.0051 20.0051 ]
D = [ 622 690 791 912 899 956 1102 1116 1214 1338 1308 1469 1451 1508 1594 1643 1728 1822 1862 1973 2031 2113 2222 2195 2329 2242 2107 2024 1850 1849 1705 1552 1442 1440 1339 1394 1629 1743 1853 2007 2177 1959 1757 1611 1380 1196 1030 817 563 671 711 859 935 994 1071 1138 1157 1291 1351 1360 1496 1575 1565 1669 1714 1822 1842 1971 1962 2030 2123 2234 2329 2247 2128 2068 1900 1915 1759 1653 1597 1520 1493 1519 1619 1785 1808 1966 2086 1924 1736 1527 1374 1105 930 751 ]
K = 7
nk = [ 1 1 1 2 3 4 5 6 7 7 ]
First = [ 1 0 0 1 1 1 1 1 1 0 ]
Last = [ 0 0 1 1 1 1 1 1 0 1 ]
nS = 1
S = [ 0 1 2 3 4 5 6 7 8 9 ]
