n = 10 ; 
T = 96 ; 
Init = [ 1 0 0 0 0 1 1 1 1 0 ]
L = [ 16 9 9 9 10 6 15 6 6 5 ]
l = [ 16 9 9 9 10 6 15 6 6 5 ]
Pmin = [ 249 124 124 124 144 52 257 62 62 30 ]
Pmax = [ 332 165 165 165 192 69 342 82 82 40 ]
cf = [ 69.2374 35.4974 35.4974 35.4974 25.4773 44.3341 49.9579 19.1359 19.1359 55.4002 ]
c0 = [ 231 131 131 131 161 88 234 94 94 70 ]
cp = [ 17.2714 15.7947 15.7947 15.7947 38.4259 34.7033 25.6582 37.9097 37.9097 39.1726 ]
D = [ 448 478 526 553 606 629 714 721 740 812 818 892 903 983 970 1010 1099 1116 1147 1190 1213 1277 1292 1319 1415 1302 1284 1230 1109 1065 1026 953 900 803 784 824 920 1026 1099 1174 1248 1172 1038 968 868 747 679 564 442 540 553 571 647 669 693 787 831 844 883 891 948 1009 1032 1113 1100 1182 1189 1264 1309 1345 1353 1375 1441 1399 1343 1267 1212 1159 1129 1038 976 919 871 900 1009 1064 1081 1194 1221 1143 1065 949 827 730 655 544 ]
K = 7
nk = [ 1 2 2 2 3 4 5 6 6 7 ]
First = [ 1 1 0 0 1 1 1 1 0 1 ]
Last = [ 1 0 0 1 1 1 1 0 1 1 ]
nS = 1
S = [ 0 1 2 3 4 5 6 7 8 9 ]
