n = 10 ; 
T = 96 ; 
Init = [ 1 1 1 1 1 1 0 0 0 0 ]
L = [ 8 8 5 13 13 15 17 17 17 18 ]
l = [ 8 8 5 13 13 15 17 17 17 18 ]
Pmin = [ 91 91 50 203 203 246 273 286 286 281 ]
Pmax = [ 122 122 66 271 271 328 364 381 381 374 ]
cf = [ 33.8426 33.8426 25.7894 21.5054 21.5054 69.3272 64.4975 52.6838 52.6838 51.6623 ]
c0 = [ 122 122 75 187 187 229 244 250 250 250 ]
cp = [ 28.5519 28.5519 39.4813 15.6883 15.6883 24.008 10.9526 17.9852 17.9852 22.4749 ]
D = [ 599 619 711 735 805 965 1035 1066 1117 1242 1329 1330 1375 1510 1566 1665 1664 1814 1906 1879 2020 2092 2170 2243 2338 2173 2126 1945 1883 1776 1704 1561 1509 1351 1266 1437 1484 1622 1752 1886 2076 1807 1670 1527 1322 1062 946 775 563 596 669 811 897 891 963 1043 1173 1202 1224 1296 1449 1518 1513 1573 1648 1760 1886 1877 1926 2093 2168 2141 2268 2194 2113 1952 1899 1779 1707 1573 1524 1454 1392 1439 1588 1608 1772 1872 1958 1827 1681 1495 1363 1141 1052 924 ]
K = 7
nk = [ 1 1 2 3 3 4 5 6 6 7 ]
First = [ 1 0 1 1 0 1 1 1 0 1 ]
Last = [ 0 1 1 0 1 1 1 0 1 1 ]
nS = 1
S = [ 0 1 2 3 4 5 6 7 8 9 ]
