n = 10 ; 
T = 96 ; 
Init = [ 1 1 0 1 1 1 1 0 0 0 ]
L = [ 8 8 17 6 6 8 8 7 7 5 ]
l = [ 8 8 17 6 6 8 8 7 7 5 ]
Pmin = [ 87 87 274 49 49 118 118 78 78 31 ]
Pmax = [ 116 116 366 65 65 158 158 105 105 41 ]
cf = [ 39.5336 39.5336 47.6634 38.1099 38.1099 47.3927 47.3927 27.2468 27.2468 48.8173 ]
c0 = [ 98 98 249 82 82 125 125 104 104 63 ]
cp = [ 40.4526 40.4526 15.7302 30.96 30.96 32.4668 32.4668 34.7128 34.7128 35.9082 ]
D = [ 296 331 402 417 460 489 526 549 555 602 626 654 708 710 777 765 831 852 884 907 963 961 987 1038 1079 1016 1014 954 924 858 839 808 747 715 669 697 743 781 853 873 928 827 781 693 615 553 474 379 329 353 404 428 438 469 502 538 537 578 644 650 686 688 752 786 821 813 861 869 942 924 980 1012 1041 1003 965 917 850 839 803 753 684 670 615 675 707 751 818 870 926 846 796 726 619 551 486 384 ]
K = 6
nk = [ 1 1 2 3 3 4 4 5 5 6 ]
First = [ 1 0 1 1 0 1 0 1 0 1 ]
Last = [ 0 1 1 0 1 0 1 0 1 1 ]
nS = 1
S = [ 0 1 2 3 4 5 6 7 8 9 ]
