n = 10 ; 
T = 96 ; 
Init = [ 1 1 0 0 0 1 1 1 1 1 ]
L = [ 16 16 7 7 7 11 11 17 17 17 ]
l = [ 16 16 7 7 7 11 11 17 17 17 ]
Pmin = [ 260 260 73 73 73 171 171 263 263 263 ]
Pmax = [ 346 346 98 98 98 228 228 351 351 351 ]
cf = [ 13.2594 13.2594 9.6581 9.6581 9.6581 10.0494 10.0494 55.1309 55.1309 55.1309 ]
c0 = [ 236 236 108 108 108 181 181 220 220 220 ]
cp = [ 12.2197 12.2197 36.8833 36.8833 36.8833 30.2894 30.2894 20.7304 20.7304 20.7304 ]
D = [ 552 622 741 807 819 925 935 985 1082 1133 1164 1272 1299 1418 1415 1552 1613 1604 1742 1774 1826 1930 1985 1991 2094 2007 1925 1808 1722 1711 1544 1494 1392 1382 1235 1380 1510 1607 1740 1805 1991 1817 1652 1426 1309 1179 929 811 606 665 802 868 928 927 989 1118 1132 1224 1233 1317 1444 1483 1583 1592 1650 1701 1782 1828 1876 1993 2085 2065 2195 2069 1946 1901 1790 1719 1605 1504 1428 1286 1188 1303 1392 1486 1567 1706 1729 1608 1422 1262 1116 966 851 699 ]
K = 4
nk = [ 1 1 2 2 2 3 3 4 4 4 ]
First = [ 1 0 1 0 0 1 0 1 0 0 ]
Last = [ 0 1 0 0 1 0 1 0 0 1 ]
nS = 1
S = [ 0 1 2 3 4 5 6 7 8 9 ]
