n = 10 ; 
T = 96 ; 
Init = [ 0 0 1 1 1 1 1 1 0 0 ]
L = [ 17 17 19 11 11 6 8 8 9 9 ]
l = [ 17 17 19 11 11 6 8 8 9 9 ]
Pmin = [ 274 274 315 167 167 61 95 95 124 124 ]
Pmax = [ 365 365 420 222 222 82 127 127 166 166 ]
cf = [ 31.8429 31.8429 15.6726 53.0544 53.0544 11.0868 49.094 49.094 61.4192 61.4192 ]
c0 = [ 250 250 250 171 171 74 108 108 124 124 ]
cp = [ 11.5051 11.5051 11.6503 29.3854 29.3854 37.0915 21.2762 21.2762 21.2116 21.2116 ]
D = [ 557 609 607 725 787 855 862 880 979 1055 1093 1158 1215 1285 1304 1370 1394 1480 1509 1564 1614 1660 1765 1800 1833 1827 1759 1632 1570 1488 1441 1433 1348 1245 1210 1265 1309 1359 1469 1557 1629 1431 1328 1201 1019 971 765 643 518 581 696 698 759 813 910 954 1027 1091 1116 1241 1246 1349 1360 1438 1493 1616 1607 1689 1751 1840 1873 1930 2037 1934 1868 1728 1637 1592 1437 1408 1275 1174 1086 1232 1312 1449 1576 1669 1718 1564 1476 1313 1201 1063 917 708 ]
K = 6
nk = [ 1 1 2 3 3 4 5 5 6 6 ]
First = [ 1 0 1 1 0 1 1 0 1 0 ]
Last = [ 0 1 1 0 1 1 0 1 0 1 ]
nS = 1
S = [ 0 1 2 3 4 5 6 7 8 9 ]
