n = 10 ; 
T = 96 ; 
Init = [ 1 0 0 0 0 1 0 0 0 1 ]
L = [ 6 9 7 7 7 19 5 5 14 18 ]
l = [ 6 9 7 7 7 19 5 5 14 18 ]
Pmin = [ 72 132 95 95 95 315 65 65 213 280 ]
Pmax = [ 96 176 127 127 127 420 87 87 284 374 ]
cf = [ 15.8529 59.1759 17.8587 17.8587 17.8587 61.3059 44.7094 44.7094 10.51 40.5971 ]
c0 = [ 79 138 91 91 91 250 84 84 210 243 ]
cp = [ 36.3877 31.4122 35.5414 35.5414 35.5414 13.0418 38.786 38.786 31.0602 11.218 ]
D = [ 490 556 574 616 688 731 760 826 880 956 1009 995 1101 1125 1175 1198 1280 1306 1355 1413 1495 1503 1522 1624 1651 1550 1501 1468 1345 1263 1208 1161 1097 1012 959 992 1128 1204 1255 1320 1424 1277 1152 1035 940 741 675 537 381 424 474 539 604 616 705 759 787 824 885 976 1031 1046 1119 1172 1161 1220 1301 1343 1405 1417 1491 1555 1628 1496 1423 1364 1307 1249 1212 1123 1058 1021 948 980 1063 1187 1299 1361 1471 1298 1180 1075 944 771 670 554 ]
K = 7
nk = [ 1 2 3 3 3 4 5 5 6 7 ]
First = [ 1 1 1 0 0 1 1 0 1 1 ]
Last = [ 1 1 0 0 1 1 0 1 1 1 ]
nS = 1
S = [ 0 1 2 3 4 5 6 7 8 9 ]
