n = 10 ; 
T = 96 ; 
Init = [ 0 0 0 1 1 0 0 0 0 1 ]
L = [ 11 10 10 8 8 9 7 10 10 17 ]
l = [ 11 10 10 8 8 9 7 10 10 17 ]
Pmin = [ 166 123 123 106 106 103 79 131 131 272 ]
Pmax = [ 221 164 164 141 141 138 105 175 175 363 ]
cf = [ 46.3338 39.4728 39.4728 44.8906 44.8906 30.5387 40.8759 50.7751 50.7751 52.2885 ]
c0 = [ 172 141 141 136 136 104 103 121 121 240 ]
cp = [ 27.6572 29.7379 29.7379 35.5396 35.5396 33.4767 32.8107 33.5028 33.5028 22.947 ]
D = [ 372 408 440 523 550 634 647 672 757 797 795 903 931 967 976 1024 1073 1146 1200 1232 1245 1311 1345 1390 1469 1408 1343 1307 1252 1197 1158 1120 1057 1005 935 960 1053 1130 1135 1198 1269 1155 1064 973 922 796 709 591 563 566 601 655 716 695 745 801 864 856 901 963 1008 1023 1053 1119 1158 1196 1208 1295 1333 1346 1402 1406 1423 1426 1326 1258 1224 1158 1124 1044 1013 905 839 974 1021 1110 1192 1263 1377 1270 1169 1023 893 783 665 606 ]
K = 7
nk = [ 1 2 2 3 3 4 5 6 6 7 ]
First = [ 1 1 0 1 0 1 1 1 0 1 ]
Last = [ 1 0 1 0 1 1 1 0 1 1 ]
nS = 1
S = [ 0 1 2 3 4 5 6 7 8 9 ]
