n = 10 ; 
T = 96 ; 
Init = [ 1 1 1 1 1 0 0 0 1 1 ]
L = [ 8 8 8 14 14 18 18 18 9 9 ]
l = [ 8 8 8 14 14 18 18 18 9 9 ]
Pmin = [ 118 118 118 203 203 287 287 287 108 108 ]
Pmax = [ 157 157 157 270 270 383 383 383 144 144 ]
cf = [ 32.6752 32.6752 32.6752 27.0374 27.0374 26.239 26.239 26.239 63.8426 63.8426 ]
c0 = [ 130 130 130 176 176 250 250 250 118 118 ]
cp = [ 29.3597 29.3597 29.3597 19.8998 19.8998 10.8948 10.8948 10.8948 31.2238 31.2238 ]
D = [ 627 648 706 746 852 876 999 1037 1124 1150 1186 1272 1348 1393 1404 1543 1512 1613 1652 1778 1832 1871 1939 1922 2041 1911 1861 1816 1727 1638 1511 1445 1319 1288 1203 1313 1436 1506 1595 1746 1784 1696 1524 1425 1225 1104 986 795 626 674 786 834 916 968 1011 1089 1195 1257 1291 1353 1413 1451 1531 1654 1676 1702 1855 1837 1936 2037 2062 2087 2217 2127 1953 1923 1757 1644 1601 1466 1336 1243 1189 1306 1428 1580 1710 1777 1926 1733 1603 1456 1236 1122 935 771 ]
K = 4
nk = [ 1 1 1 2 2 3 3 3 4 4 ]
First = [ 1 0 0 1 0 1 0 0 1 0 ]
Last = [ 0 0 1 0 1 0 0 1 0 1 ]
nS = 1
S = [ 0 1 2 3 4 5 6 7 8 9 ]
