n = 10 ; 
T = 96 ; 
Init = [ 0 0 1 1 1 0 0 0 0 0 ]
L = [ 16 16 12 12 15 13 10 10 11 11 ]
l = [ 16 16 12 12 15 13 10 10 11 11 ]
Pmin = [ 267 267 188 188 241 184 148 148 159 159 ]
Pmax = [ 357 357 251 251 321 245 197 197 212 212 ]
cf = [ 29.8345 29.8345 10.1965 10.1965 27.7221 27.1155 16.7301 16.7301 57.7647 57.7647 ]
c0 = [ 247 247 184 184 220 184 152 152 153 153 ]
cp = [ 18.084 18.084 33.7793 33.7793 20.9214 17.6088 28.6164 28.6164 15.5855 15.5855 ]
D = [ 608 682 732 803 830 982 975 1089 1178 1240 1249 1348 1381 1523 1572 1629 1658 1778 1759 1891 1995 2043 2085 2189 2177 2153 1991 1892 1858 1750 1583 1514 1414 1334 1269 1361 1494 1588 1728 1881 2075 1865 1757 1521 1386 1261 1118 946 812 824 925 979 1032 1026 1143 1187 1215 1258 1403 1449 1524 1523 1567 1706 1711 1773 1868 1924 1934 2054 2135 2177 2208 2130 2010 1929 1902 1802 1736 1630 1484 1459 1347 1490 1592 1625 1751 1822 1942 1771 1653 1510 1279 1145 977 795 ]
K = 6
nk = [ 1 1 2 2 3 4 5 5 6 6 ]
First = [ 1 0 1 0 1 1 1 0 1 0 ]
Last = [ 0 1 0 1 1 1 0 1 0 1 ]
nS = 1
S = [ 0 1 2 3 4 5 6 7 8 9 ]
