n = 10 ; 
T = 96 ; 
Init = [ 0 1 1 0 0 0 0 1 1 1 ]
L = [ 14 18 18 18 18 9 7 19 19 17 ]
l = [ 14 18 18 18 18 9 7 19 19 17 ]
Pmin = [ 229 308 308 305 305 141 85 299 299 284 ]
Pmax = [ 305 411 411 407 407 187 113 399 399 379 ]
cf = [ 22.2997 63.7065 63.7065 48.3747 48.3747 66.4229 60.9809 29.1111 29.1111 67.1958 ]
c0 = [ 215 250 250 250 250 128 96 244 244 234 ]
cp = [ 27.3286 13.3012 13.3012 21.2409 21.2409 30.5545 30.7377 10.8886 10.8886 18.1386 ]
D = [ 959 954 1119 1249 1278 1315 1458 1581 1675 1748 1766 1938 2040 2102 2088 2273 2259 2472 2487 2649 2713 2796 2904 2934 3031 2818 2720 2564 2491 2302 2243 2058 1914 1796 1654 1866 1975 2166 2278 2393 2570 2389 2091 1922 1716 1454 1247 1076 852 944 978 1129 1254 1264 1473 1541 1623 1642 1835 1930 1937 2061 2119 2172 2261 2426 2510 2634 2716 2847 2843 3016 3019 2972 2863 2716 2515 2462 2248 2188 1998 1863 1724 1834 2020 2128 2350 2389 2561 2402 2099 1978 1714 1514 1353 1087 ]
K = 7
nk = [ 1 2 2 3 3 4 5 6 6 7 ]
First = [ 1 1 0 1 0 1 1 1 0 1 ]
Last = [ 1 0 1 0 1 1 1 0 1 1 ]
nS = 1
S = [ 0 1 2 3 4 5 6 7 8 9 ]
