n = 10 ; 
T = 96 ; 
Init = [ 1 1 1 0 1 1 1 0 0 0 ]
L = [ 14 14 14 18 18 18 18 4 4 10 ]
l = [ 14 14 14 18 18 18 18 4 4 10 ]
Pmin = [ 217 217 217 297 309 309 309 37 37 132 ]
Pmax = [ 290 290 290 397 412 412 412 49 49 176 ]
cf = [ 46.1771 46.1771 46.1771 29.8245 9.4632 9.4632 9.4632 31.1958 31.1958 56.1285 ]
c0 = [ 208 208 208 241 250 250 250 64 64 140 ]
cp = [ 14.2313 14.2313 14.2313 12.5388 12.6918 12.6918 12.6918 40.5456 40.5456 32.6138 ]
D = [ 742 763 843 900 1042 1081 1161 1135 1240 1279 1404 1446 1513 1523 1593 1712 1784 1825 1908 1907 1992 2121 2136 2249 2252 2184 2087 1988 1922 1824 1667 1593 1564 1424 1343 1506 1565 1725 1910 2010 2146 1960 1717 1534 1405 1169 930 809 579 652 699 863 932 974 1054 1119 1208 1196 1326 1368 1480 1530 1611 1641 1744 1794 1939 1934 2043 2083 2140 2202 2304 2269 2100 2011 1981 1874 1822 1746 1642 1563 1469 1569 1667 1787 1880 1996 2143 2006 1805 1595 1435 1244 1103 974 ]
K = 5
nk = [ 1 1 1 2 3 3 3 4 4 5 ]
First = [ 1 0 0 1 1 0 0 1 0 1 ]
Last = [ 0 0 1 1 0 0 1 0 1 1 ]
nS = 1
S = [ 0 1 2 3 4 5 6 7 8 9 ]
