n = 10 ; 
T = 96 ; 
Init = [ 0 0 0 1 1 1 0 0 0 0 ]
L = [ 18 18 18 5 11 11 9 9 7 7 ]
l = [ 18 18 18 5 11 11 9 9 7 7 ]
Pmin = [ 294 294 294 31 149 149 132 132 89 89 ]
Pmax = [ 392 392 392 42 199 199 177 177 118 118 ]
cf = [ 58.6268 58.6268 58.6268 43.6034 56.8699 56.8699 60.7492 60.7492 25.2055 25.2055 ]
c0 = [ 250 250 250 63 154 154 156 156 116 116 ]
cp = [ 19.0083 19.0083 19.0083 39.5915 22.3129 22.3129 24.4593 24.4593 27.0471 27.0471 ]
D = [ 518 607 605 683 775 823 889 929 919 1038 1088 1117 1212 1226 1263 1347 1374 1478 1491 1524 1578 1696 1707 1788 1852 1741 1652 1641 1538 1475 1427 1378 1261 1245 1130 1215 1356 1416 1575 1651 1776 1612 1432 1367 1163 1054 930 787 699 674 766 786 828 887 961 1007 1084 1087 1172 1213 1257 1331 1327 1423 1472 1536 1574 1592 1699 1717 1754 1798 1826 1822 1733 1609 1576 1473 1470 1362 1272 1222 1174 1239 1362 1412 1561 1624 1715 1574 1389 1325 1119 969 863 744 ]
K = 5
nk = [ 1 1 1 2 3 3 4 4 5 5 ]
First = [ 1 0 0 1 1 0 1 0 1 0 ]
Last = [ 0 0 1 1 0 1 0 1 0 1 ]
nS = 1
S = [ 0 1 2 3 4 5 6 7 8 9 ]
