n = 10 ; 
T = 96 ; 
Init = [ 1 1 0 0 1 0 1 0 0 1 ]
L = [ 17 15 18 18 17 11 19 5 5 7 ]
l = [ 17 15 18 18 17 11 19 5 5 7 ]
Pmin = [ 275 241 282 282 288 162 293 42 42 85 ]
Pmax = [ 366 321 376 376 384 216 391 56 56 113 ]
cf = [ 9.0683 36.4245 30.1588 30.1588 37.1648 27.2532 49.3687 47.9042 47.9042 47.5392 ]
c0 = [ 250 215 250 250 248 163 250 75 75 110 ]
cp = [ 17.7894 17.8549 12.386 12.386 16.3538 34.0831 8.59652 41.2617 41.2617 31.73 ]
D = [ 602 653 763 802 852 941 1009 1055 1163 1244 1355 1441 1446 1529 1625 1712 1757 1898 1975 2031 2050 2164 2218 2343 2370 2292 2130 2044 2021 1822 1794 1689 1573 1473 1333 1501 1620 1676 1814 1861 2029 1823 1606 1429 1337 1142 977 749 606 717 791 793 949 931 1011 1068 1228 1303 1344 1399 1434 1540 1612 1706 1741 1863 1916 2024 2101 2149 2232 2285 2341 2301 2118 2116 2002 1914 1747 1646 1596 1429 1363 1489 1537 1677 1787 1815 1957 1759 1598 1426 1260 1098 946 742 ]
K = 8
nk = [ 1 2 3 3 4 5 6 7 7 8 ]
First = [ 1 1 1 0 1 1 1 1 0 1 ]
Last = [ 1 1 0 1 1 1 1 0 1 1 ]
nS = 1
S = [ 0 1 2 3 4 5 6 7 8 9 ]
