n = 10 ; 
T = 96 ; 
Init = [ 1 1 1 0 0 1 1 1 1 1 ]
L = [ 17 17 17 19 19 8 8 13 13 13 ]
l = [ 17 17 17 19 19 8 8 13 13 13 ]
Pmin = [ 287 287 287 315 315 93 93 217 217 217 ]
Pmax = [ 382 382 382 420 420 125 125 289 289 289 ]
cf = [ 42.7837 42.7837 42.7837 67.7417 67.7417 30.192 30.192 46.751 46.751 46.751 ]
c0 = [ 250 250 250 250 250 114 114 214 214 214 ]
cp = [ 22.3152 22.3152 22.3152 12.4557 12.4557 36.9824 36.9824 22.2161 22.2161 22.2161 ]
D = [ 891 938 962 1087 1080 1128 1293 1266 1439 1489 1535 1640 1651 1697 1847 1922 1975 2050 2051 2137 2248 2256 2340 2379 2524 2350 2358 2243 2175 2100 1928 1906 1809 1717 1627 1788 1885 1976 2165 2243 2315 2168 1970 1796 1627 1385 1218 1032 817 861 1033 1062 1202 1223 1272 1424 1485 1599 1618 1674 1787 1844 1999 2080 2079 2189 2219 2385 2486 2532 2594 2642 2710 2703 2509 2458 2348 2148 2115 1915 1804 1739 1613 1649 1737 1916 2025 2094 2183 1976 1890 1756 1526 1390 1258 1071 ]
K = 4
nk = [ 1 1 1 2 2 3 3 4 4 4 ]
First = [ 1 0 0 1 0 1 0 1 0 0 ]
Last = [ 0 0 1 0 1 0 1 0 0 1 ]
nS = 1
S = [ 0 1 2 3 4 5 6 7 8 9 ]
