n = 10 ; 
T = 96 ; 
Init = [ 0 0 1 1 0 0 1 1 0 0 ]
L = [ 5 5 18 18 7 7 18 18 13 13 ]
l = [ 5 5 18 18 7 7 18 18 13 13 ]
Pmin = [ 37 37 278 278 71 71 310 310 220 220 ]
Pmax = [ 49 49 370 370 95 95 414 414 294 294 ]
cf = [ 68.7383 68.7383 16.3744 16.3744 19.0849 19.0849 12.4248 12.4248 13.9931 13.9931 ]
c0 = [ 70 70 243 243 102 102 250 250 189 189 ]
cp = [ 39.9025 39.9025 12.9905 12.9905 34.6148 34.6148 10.5344 10.5344 21.2387 21.2387 ]
D = [ 586 661 696 728 790 844 901 983 984 1071 1184 1221 1292 1354 1398 1473 1529 1589 1570 1714 1776 1765 1808 1903 2008 1946 1849 1777 1704 1644 1555 1472 1428 1315 1303 1345 1506 1576 1738 1841 1939 1789 1601 1442 1295 1092 950 800 636 697 773 823 858 932 1078 1122 1178 1213 1283 1395 1391 1491 1555 1608 1662 1719 1761 1823 1949 1992 2066 2148 2206 2032 2009 1847 1765 1703 1607 1504 1342 1259 1145 1256 1390 1562 1654 1684 1828 1660 1470 1376 1147 1056 854 714 ]
K = 5
nk = [ 1 1 2 2 3 3 4 4 5 5 ]
First = [ 1 0 1 0 1 0 1 0 1 0 ]
Last = [ 0 1 0 1 0 1 0 1 0 1 ]
nS = 1
S = [ 0 1 2 3 4 5 6 7 8 9 ]
