n = 10 ; 
T = 96 ; 
Init = [ 0 1 0 1 0 1 0 0 1 1 ]
L = [ 9 16 9 6 8 15 11 11 11 11 ]
l = [ 9 16 9 6 8 15 11 11 11 11 ]
Pmin = [ 118 259 131 60 108 244 166 166 147 147 ]
Pmax = [ 157 345 175 79 144 326 221 221 196 196 ]
cf = [ 67.5986 12.1365 44.0177 54.3574 25.327 27.3156 24.1517 24.1517 20.0464 20.0464 ]
c0 = [ 129 224 155 81 125 225 168 168 134 134 ]
cp = [ 32.3144 16.6003 31.3422 35.6174 35.1766 13.3752 27.53 27.53 30.8188 30.8188 ]
D = [ 497 512 558 652 715 740 822 876 881 986 976 1063 1081 1157 1210 1244 1307 1370 1446 1440 1548 1544 1617 1636 1745 1666 1579 1494 1440 1399 1302 1203 1126 1106 1049 1129 1145 1264 1346 1400 1489 1403 1221 1170 1026 929 778 646 599 616 653 718 800 821 820 929 922 973 1075 1116 1180 1203 1268 1292 1321 1364 1401 1458 1514 1531 1640 1630 1692 1664 1562 1492 1389 1371 1315 1241 1110 1044 989 1055 1207 1266 1394 1410 1555 1430 1298 1152 1003 889 720 635 ]
K = 8
nk = [ 1 2 3 4 5 6 7 7 8 8 ]
First = [ 1 1 1 1 1 1 1 0 1 0 ]
Last = [ 1 1 1 1 1 1 0 1 0 1 ]
nS = 1
S = [ 0 1 2 3 4 5 6 7 8 9 ]
