n = 10 ; 
T = 96 ; 
Init = [ 1 1 1 1 1 1 0 1 0 0 ]
L = [ 4 4 14 14 17 17 12 10 17 8 ]
l = [ 4 4 14 14 17 17 12 10 17 8 ]
Pmin = [ 31 31 221 221 253 253 176 152 275 105 ]
Pmax = [ 42 42 295 295 337 337 235 202 366 140 ]
cf = [ 31.157 31.157 43.716 43.716 10.6147 10.6147 31.9638 15.836 45.2461 7.11608 ]
c0 = [ 51 51 188 188 224 224 160 154 250 115 ]
cp = [ 41.3522 41.3522 14.0537 14.0537 14.4675 14.4675 24.6689 21.0394 10.0957 37.7972 ]
D = [ 577 575 650 715 743 858 907 924 1014 1102 1119 1188 1263 1339 1375 1457 1457 1511 1637 1667 1699 1775 1842 1925 1931 1845 1755 1675 1580 1540 1446 1303 1294 1125 1081 1136 1302 1343 1449 1555 1718 1557 1448 1311 1167 1037 923 812 713 759 771 823 866 976 1020 1110 1120 1200 1275 1294 1325 1447 1441 1504 1541 1633 1667 1760 1778 1892 1967 1981 2015 1956 1815 1781 1710 1626 1506 1431 1337 1263 1092 1282 1375 1488 1619 1665 1801 1672 1495 1327 1171 1023 861 685 ]
K = 7
nk = [ 1 1 2 2 3 3 4 5 6 7 ]
First = [ 1 0 1 0 1 0 1 1 1 1 ]
Last = [ 0 1 0 1 0 1 1 1 1 1 ]
nS = 1
S = [ 0 1 2 3 4 5 6 7 8 9 ]
