n = 10 ; 
T = 96 ; 
Init = [ 1 0 0 0 1 1 0 0 0 0 ]
L = [ 5 9 9 9 6 6 17 8 8 8 ]
l = [ 5 9 9 9 6 6 17 8 8 8 ]
Pmin = [ 45 130 130 130 57 57 270 85 85 85 ]
Pmax = [ 60 174 174 174 76 76 360 113 113 113 ]
cf = [ 8.62035 46.8298 46.8298 46.8298 30.3282 30.3282 25.2374 64.8247 64.8247 64.8247 ]
c0 = [ 71 132 132 132 90 90 230 108 108 108 ]
cp = [ 37.0058 20.6391 20.6391 20.6391 38.9749 38.9749 14.6669 35.6601 35.6601 35.6601 ]
D = [ 407 449 472 487 508 538 579 645 672 706 724 780 782 830 885 914 935 967 981 1055 1066 1108 1164 1188 1227 1184 1103 1036 986 976 911 882 821 745 697 793 826 897 967 993 1064 960 909 791 701 612 489 385 323 330 388 426 460 502 543 559 588 650 715 719 784 825 857 874 923 919 1003 1042 1081 1084 1127 1172 1204 1150 1111 1063 981 923 892 861 772 762 675 759 817 910 974 1024 1085 1021 938 814 754 666 580 474 ]
K = 5
nk = [ 1 2 2 2 3 3 4 5 5 5 ]
First = [ 1 1 0 0 1 0 1 1 0 0 ]
Last = [ 1 0 0 1 0 1 1 0 0 1 ]
nS = 1
S = [ 0 1 2 3 4 5 6 7 8 9 ]
