n = 10 ; 
T = 96 ; 
Init = [ 1 1 1 0 0 1 1 0 0 0 ]
L = [ 6 15 15 12 12 9 14 19 7 7 ]
l = [ 6 15 15 12 12 9 14 19 7 7 ]
Pmin = [ 74 246 246 172 172 136 219 310 74 74 ]
Pmax = [ 98 328 328 229 229 181 292 414 99 99 ]
cf = [ 18.6973 35.3376 35.3376 18.0991 18.0991 45.7095 10.1292 36.8674 57.4748 57.4748 ]
c0 = [ 96 215 215 173 173 129 204 250 94 94 ]
cp = [ 34.0513 19.2787 19.2787 31.2781 31.2781 32.9916 31.413 8.32485 38.0127 38.0127 ]
D = [ 573 592 631 753 820 844 932 978 1014 1068 1147 1230 1324 1304 1368 1456 1506 1594 1657 1748 1784 1794 1915 1993 2058 1918 1833 1811 1731 1572 1564 1474 1365 1334 1212 1292 1407 1496 1653 1742 1823 1648 1501 1358 1193 1048 931 755 559 642 688 751 831 843 907 1001 1087 1142 1208 1252 1267 1309 1365 1458 1462 1595 1575 1650 1698 1781 1844 1902 1929 1831 1785 1711 1618 1582 1495 1376 1275 1177 1157 1256 1291 1363 1500 1564 1728 1545 1451 1245 1140 953 876 717 ]
K = 7
nk = [ 1 2 2 3 3 4 5 6 7 7 ]
First = [ 1 1 0 1 0 1 1 1 1 0 ]
Last = [ 1 0 1 0 1 1 1 1 0 1 ]
nS = 1
S = [ 0 1 2 3 4 5 6 7 8 9 ]
