n = 10 ; 
T = 96 ; 
Init = [ 0 0 0 0 0 1 1 1 1 1 ]
L = [ 18 18 15 6 6 13 13 13 15 15 ]
l = [ 18 18 15 6 6 13 13 13 15 15 ]
Pmin = [ 297 297 253 86 86 189 189 189 235 235 ]
Pmax = [ 397 397 337 114 114 252 252 252 313 313 ]
cf = [ 35.8818 35.8818 31.0518 18.3577 18.3577 23.2763 23.2763 23.2763 53.4314 53.4314 ]
c0 = [ 243 243 226 113 113 174 174 174 213 213 ]
cp = [ 12.0735 12.0735 23.1312 38.4225 38.4225 25.9363 25.9363 25.9363 24.6851 24.6851 ]
D = [ 765 753 857 864 974 1055 1063 1207 1239 1267 1315 1395 1427 1568 1633 1640 1694 1750 1845 1908 2017 1984 2058 2188 2196 2159 2039 1982 1918 1789 1722 1647 1554 1419 1398 1468 1577 1725 1878 2066 2181 1982 1741 1597 1367 1239 1040 802 581 613 677 769 877 969 973 1038 1149 1163 1330 1392 1470 1460 1602 1580 1693 1776 1839 1953 1995 2004 2087 2200 2210 2207 2120 2005 1855 1771 1705 1640 1518 1446 1404 1528 1578 1789 1909 2000 2156 1955 1731 1587 1306 1155 1028 792 ]
K = 5
nk = [ 1 1 2 3 3 4 4 4 5 5 ]
First = [ 1 0 1 1 0 1 0 0 1 0 ]
Last = [ 0 1 1 0 1 0 0 1 0 1 ]
nS = 1
S = [ 0 1 2 3 4 5 6 7 8 9 ]
