n = 10 ; 
T = 96 ; 
Init = [ 1 0 0 1 1 0 0 0 0 0 ]
L = [ 12 8 8 16 14 19 19 19 19 19 ]
l = [ 12 8 8 16 14 19 19 19 19 19 ]
Pmin = [ 194 101 101 245 219 315 315 315 315 315 ]
Pmax = [ 258 134 134 326 292 420 420 420 420 420 ]
cf = [ 9.51272 18.9813 18.9813 69.1024 20.4929 44.6653 44.6653 44.6653 44.6653 44.6653 ]
c0 = [ 181 105 105 208 192 250 250 250 250 250 ]
cp = [ 21.9773 26.0712 26.0712 14.291 23.6065 11.9674 11.9674 11.9674 11.9674 11.9674 ]
D = [ 881 944 1082 1099 1183 1246 1292 1486 1530 1559 1684 1728 1862 1893 2027 2044 2148 2301 2292 2426 2499 2668 2658 2746 2800 2711 2664 2483 2364 2264 2092 1949 1829 1711 1632 1795 1938 2105 2248 2352 2593 2261 2070 1844 1591 1449 1158 925 780 763 886 965 1025 1222 1307 1392 1412 1478 1567 1724 1835 1930 1943 2063 2143 2233 2308 2416 2544 2623 2707 2793 2941 2803 2569 2476 2385 2298 2139 2001 1806 1680 1661 1696 1807 2041 2071 2241 2451 2162 1950 1863 1578 1419 1232 1067 ]
K = 5
nk = [ 1 2 2 3 4 5 5 5 5 5 ]
First = [ 1 1 0 1 1 1 0 0 0 0 ]
Last = [ 1 0 1 1 1 0 0 0 0 1 ]
nS = 1
S = [ 0 1 2 3 4 5 6 7 8 9 ]
