n = 10 ; 
T = 96 ; 
Init = [ 0 0 0 0 0 0 1 1 0 0 ]
L = [ 16 16 16 5 5 5 12 12 7 7 ]
l = [ 16 16 16 5 5 5 12 12 7 7 ]
Pmin = [ 254 254 254 49 49 49 168 168 73 73 ]
Pmax = [ 339 339 339 66 66 66 224 224 98 98 ]
cf = [ 68.7428 68.7428 68.7428 27.8291 27.8291 27.8291 42.6416 42.6416 30.6346 30.6346 ]
c0 = [ 224 224 224 80 80 80 161 161 87 87 ]
cp = [ 23.4143 23.4143 23.4143 37.1183 37.1183 37.1183 31.4083 31.4083 38.6074 38.6074 ]
D = [ 490 511 553 572 651 674 761 754 819 842 898 959 1034 1062 1068 1148 1194 1225 1248 1280 1320 1371 1419 1521 1560 1465 1417 1379 1272 1265 1223 1161 1057 1012 999 1046 1099 1171 1242 1240 1366 1209 1133 1049 952 836 715 618 535 534 617 621 703 731 758 815 857 879 962 1015 1006 1076 1121 1197 1202 1258 1325 1352 1362 1449 1483 1556 1552 1489 1435 1363 1296 1288 1184 1116 1063 998 963 1019 1157 1251 1320 1381 1452 1353 1216 1101 1027 890 733 619 ]
K = 4
nk = [ 1 1 1 2 2 2 3 3 4 4 ]
First = [ 1 0 0 1 0 0 1 0 1 0 ]
Last = [ 0 0 1 0 0 1 0 1 0 1 ]
nS = 1
S = [ 0 1 2 3 4 5 6 7 8 9 ]
