n = 10 ; 
T = 96 ; 
Init = [ 1 1 1 1 1 1 1 1 0 0 ]
L = [ 17 17 17 17 16 16 16 16 18 18 ]
l = [ 17 17 17 17 16 16 16 16 18 18 ]
Pmin = [ 267 267 267 267 274 274 274 274 295 295 ]
Pmax = [ 356 356 356 356 365 365 365 365 393 393 ]
cf = [ 65.2734 65.2734 65.2734 65.2734 34.1817 34.1817 34.1817 34.1817 18.0801 18.0801 ]
c0 = [ 250 250 250 250 243 243 243 243 245 245 ]
cp = [ 15.6193 15.6193 15.6193 15.6193 17.6515 17.6515 17.6515 17.6515 16.5075 16.5075 ]
D = [ 1059 1113 1211 1337 1340 1443 1547 1620 1703 1831 1875 2014 2102 2116 2172 2379 2351 2481 2504 2660 2772 2832 2858 2928 3019 2891 2760 2728 2634 2442 2352 2170 2096 2023 1885 2033 2134 2319 2604 2707 2938 2621 2364 2185 1946 1663 1462 1259 1008 1118 1170 1303 1405 1400 1561 1592 1765 1866 1945 2020 2104 2152 2296 2386 2393 2461 2603 2678 2728 2781 3002 3007 3097 2991 2785 2785 2643 2471 2280 2190 2040 1961 1770 1895 2130 2272 2341 2515 2670 2372 2175 1967 1776 1489 1283 1013 ]
K = 3
nk = [ 1 1 1 1 2 2 2 2 3 3 ]
First = [ 1 0 0 0 1 0 0 0 1 0 ]
Last = [ 0 0 0 1 0 0 0 1 0 1 ]
nS = 1
S = [ 0 1 2 3 4 5 6 7 8 9 ]
