n = 10 ; 
T = 96 ; 
Init = [ 1 1 1 1 1 1 1 1 0 1 ]
L = [ 14 9 9 11 13 13 7 7 20 9 ]
l = [ 14 9 9 11 13 13 7 7 20 9 ]
Pmin = [ 220 116 116 171 207 207 85 85 315 124 ]
Pmax = [ 293 154 154 228 276 276 113 113 420 165 ]
cf = [ 49.4936 59.7396 59.7396 19.8319 22.209 22.209 36.4505 36.4505 58.2079 38.8775 ]
c0 = [ 218 133 133 163 193 193 122 122 250 117 ]
cp = [ 16.8292 35.384 35.384 21.9165 22.7965 22.7965 37.0066 37.0066 8.94444 27.2214 ]
D = [ 597 630 663 746 795 826 896 1008 1053 1118 1171 1217 1226 1348 1393 1411 1489 1548 1598 1679 1670 1751 1805 1909 1907 1843 1773 1651 1594 1517 1431 1337 1323 1213 1146 1191 1296 1395 1408 1502 1610 1428 1318 1186 1070 948 867 772 591 714 766 795 840 937 988 1035 1037 1162 1187 1245 1294 1378 1380 1455 1478 1587 1608 1655 1773 1781 1830 1857 1990 1829 1797 1640 1615 1516 1415 1347 1230 1125 1032 1183 1225 1319 1463 1538 1615 1494 1426 1262 1082 962 817 693 ]
K = 7
nk = [ 1 2 2 3 4 4 5 5 6 7 ]
First = [ 1 1 0 1 1 0 1 0 1 1 ]
Last = [ 1 0 1 1 0 1 0 1 1 1 ]
nS = 1
S = [ 0 1 2 3 4 5 6 7 8 9 ]
