n = 10 ; 
T = 96 ; 
Init = [ 0 0 1 1 0 0 0 0 0 1 ]
L = [ 9 19 15 15 10 5 10 10 6 11 ]
l = [ 9 19 15 15 10 5 10 10 6 11 ]
Pmin = [ 116 315 243 243 141 45 149 149 55 155 ]
Pmax = [ 155 420 324 324 188 60 198 198 74 207 ]
cf = [ 51.8645 55.7457 32.9538 32.9538 27.6546 34.7922 64.6 64.6 61.5046 57.9502 ]
c0 = [ 123 250 223 223 130 67 141 141 86 163 ]
cp = [ 25.2089 8.86221 28.2783 28.2783 31.6877 37.9872 27.0814 27.0814 40.6664 34.0032 ]
D = [ 520 573 684 735 774 825 912 954 991 1023 1124 1173 1210 1274 1362 1336 1415 1509 1538 1609 1627 1696 1764 1863 1869 1839 1727 1625 1570 1476 1382 1357 1260 1222 1107 1250 1291 1379 1507 1616 1681 1533 1399 1294 1070 969 868 668 533 585 617 685 788 794 884 882 956 1011 1075 1101 1203 1230 1288 1299 1359 1433 1499 1554 1550 1654 1713 1749 1809 1768 1672 1620 1537 1397 1374 1261 1206 1163 1067 1149 1234 1349 1464 1570 1688 1499 1434 1287 1157 1014 910 788 ]
K = 8
nk = [ 1 2 3 3 4 5 6 6 7 8 ]
First = [ 1 1 1 0 1 1 1 0 1 1 ]
Last = [ 1 1 0 1 1 1 0 1 1 1 ]
nS = 1
S = [ 0 1 2 3 4 5 6 7 8 9 ]
