n = 10 ; 
T = 96 ; 
Init = [ 1 1 1 1 0 1 1 1 1 0 ]
L = [ 9 7 7 11 14 6 6 14 14 7 ]
l = [ 9 7 7 11 14 6 6 14 14 7 ]
Pmin = [ 119 99 99 172 228 72 72 221 221 88 ]
Pmax = [ 159 133 133 230 304 96 96 294 294 117 ]
cf = [ 48.338 31.1205 31.1205 67.1896 29.5003 24.6889 24.6889 32.1525 32.1525 8.83212 ]
c0 = [ 149 111 111 185 207 98 98 210 210 84 ]
cp = [ 35.5207 35.9257 35.9257 26.8452 23.0189 40.0074 40.0074 25.4297 25.4297 38.0415 ]
D = [ 463 476 567 603 667 712 735 743 847 883 905 933 1020 1022 1073 1089 1205 1236 1295 1292 1317 1384 1429 1501 1525 1464 1374 1335 1255 1197 1129 1110 1018 922 895 983 1048 1159 1285 1335 1436 1327 1223 1081 1003 905 733 653 516 575 581 694 727 760 784 823 927 922 1009 1008 1115 1120 1162 1210 1246 1316 1370 1413 1421 1523 1531 1558 1605 1602 1511 1395 1307 1275 1214 1114 1020 993 886 1013 1057 1161 1207 1308 1435 1307 1147 1047 877 787 613 508 ]
K = 7
nk = [ 1 2 2 3 4 5 5 6 6 7 ]
First = [ 1 1 0 1 1 1 0 1 0 1 ]
Last = [ 1 0 1 1 1 0 1 0 1 1 ]
nS = 1
S = [ 0 1 2 3 4 5 6 7 8 9 ]
