n = 10 ; 
T = 96 ; 
Init = [ 1 1 0 0 0 0 0 0 0 0 ]
L = [ 15 15 8 8 6 5 5 18 5 10 ]
l = [ 15 15 8 8 6 5 5 18 5 10 ]
Pmin = [ 235 235 109 109 80 38 38 271 64 158 ]
Pmax = [ 313 313 145 145 106 51 51 361 86 210 ]
cf = [ 63.8996 63.8996 59.3344 59.3344 40.902 50.9679 50.9679 21.6804 41.9026 45.8216 ]
c0 = [ 210 210 121 121 98 62 62 248 89 151 ]
cp = [ 17.1214 17.1214 36.5187 36.5187 37.9179 37.0276 37.0276 12.8769 40.6755 30.0599 ]
D = [ 437 482 493 548 614 626 682 711 764 782 893 937 942 991 1012 1059 1113 1129 1227 1221 1275 1324 1394 1400 1454 1391 1363 1275 1226 1216 1103 1106 1026 953 897 975 1077 1170 1233 1345 1413 1283 1205 1044 992 892 735 622 502 570 633 638 660 761 772 838 880 877 918 941 1008 1046 1091 1099 1189 1195 1260 1259 1296 1381 1365 1413 1450 1399 1328 1269 1237 1160 1114 1056 1007 914 820 898 1008 1101 1134 1247 1298 1209 1113 998 907 746 670 559 ]
K = 7
nk = [ 1 1 2 2 3 4 4 5 6 7 ]
First = [ 1 0 1 0 1 1 0 1 1 1 ]
Last = [ 0 1 0 1 1 0 1 1 1 1 ]
nS = 1
S = [ 0 1 2 3 4 5 6 7 8 9 ]
