n = 10 ; 
T = 96 ; 
Init = [ 0 1 1 1 1 1 1 1 1 0 ]
L = [ 6 7 12 5 5 5 5 5 9 19 ]
l = [ 6 7 12 5 5 5 5 5 9 19 ]
Pmin = [ 60 74 166 46 46 46 46 46 116 314 ]
Pmax = [ 80 98 221 62 62 62 62 62 154 419 ]
cf = [ 56.0487 52.2705 59.6436 10.7199 10.7199 10.7199 10.7199 10.7199 61.0832 15.3437 ]
c0 = [ 90 112 165 77 77 77 77 77 130 250 ]
cp = [ 36.3569 24.1512 27.3365 39.6823 39.6823 39.6823 39.6823 39.6823 28.2236 11.7779 ]
D = [ 293 315 374 405 442 455 483 537 594 606 629 659 719 755 770 793 847 859 939 953 1007 998 1077 1088 1119 1048 1035 965 892 868 797 756 720 674 629 661 711 778 881 953 997 896 821 749 701 608 524 444 389 425 446 474 499 501 560 561 595 614 682 671 748 732 758 785 857 839 896 944 927 988 1014 1031 1085 1034 990 907 883 819 783 728 723 679 624 660 738 759 819 852 914 839 761 697 628 548 483 406 ]
K = 6
nk = [ 1 2 3 4 4 4 4 4 5 6 ]
First = [ 1 1 1 1 0 0 0 0 1 1 ]
Last = [ 1 1 1 0 0 0 0 1 1 1 ]
nS = 1
S = [ 0 1 2 3 4 5 6 7 8 9 ]
