n = 10 ; 
T = 96 ; 
Init = [ 1 1 1 0 1 1 0 0 0 1 ]
L = [ 4 4 18 7 8 8 19 5 5 10 ]
l = [ 4 4 18 7 8 8 19 5 5 10 ]
Pmin = [ 52 52 280 96 114 114 307 50 50 157 ]
Pmax = [ 70 70 373 129 152 152 409 67 67 209 ]
cf = [ 25.8175 25.8175 30.4089 42.8309 23.7737 23.7737 67.9178 20.431 20.431 57.6229 ]
c0 = [ 83 83 236 105 108 108 250 65 65 172 ]
cp = [ 40.559 40.559 15.9932 33.5988 26.6107 26.6107 20.65 39.4867 39.4867 22.9768 ]
D = [ 377 455 500 493 559 631 676 727 775 830 858 869 969 995 1037 1057 1156 1203 1236 1247 1341 1392 1442 1473 1504 1466 1397 1304 1200 1179 1107 1026 967 894 827 857 946 1014 1048 1139 1214 1123 1004 890 777 654 580 452 357 419 474 498 560 591 648 691 719 764 818 910 957 973 1019 1066 1116 1185 1238 1235 1292 1338 1397 1437 1516 1439 1346 1330 1262 1132 1072 1017 969 917 838 872 936 1002 1099 1143 1207 1142 997 892 796 717 611 518 ]
K = 7
nk = [ 1 1 2 3 4 4 5 6 6 7 ]
First = [ 1 0 1 1 1 0 1 1 0 1 ]
Last = [ 0 1 1 1 0 1 1 0 1 1 ]
nS = 1
S = [ 0 1 2 3 4 5 6 7 8 9 ]
