n = 10 ; 
T = 96 ; 
Init = [ 0 0 0 1 0 1 1 1 1 1 ]
L = [ 11 11 14 19 6 5 5 5 18 18 ]
l = [ 11 11 14 19 6 5 5 5 18 18 ]
Pmin = [ 164 164 213 315 74 44 44 44 292 292 ]
Pmax = [ 219 219 284 420 99 58 58 58 389 389 ]
cf = [ 68.955 68.955 52.013 65.2735 47.9237 46.3131 46.3131 46.3131 17.817 17.817 ]
c0 = [ 159 159 185 250 99 72 72 72 250 250 ]
cp = [ 24.0752 24.0752 29.9567 9.35063 41.4314 38.7909 38.7909 38.7909 14.4693 14.4693 ]
D = [ 667 732 743 835 842 892 944 1027 1050 1060 1165 1198 1283 1338 1358 1405 1489 1485 1551 1610 1692 1718 1769 1848 1836 1769 1751 1623 1534 1495 1462 1396 1284 1210 1187 1271 1350 1393 1510 1560 1650 1518 1422 1243 1115 989 894 711 600 668 688 792 825 873 959 1022 1020 1109 1130 1212 1260 1282 1360 1455 1512 1557 1571 1628 1711 1766 1828 1831 1922 1796 1789 1706 1626 1516 1373 1339 1241 1151 1078 1119 1270 1301 1350 1444 1510 1420 1351 1218 1096 961 869 748 ]
K = 6
nk = [ 1 1 2 3 4 5 5 5 6 6 ]
First = [ 1 0 1 1 1 1 0 0 1 0 ]
Last = [ 0 1 1 1 1 0 0 1 0 1 ]
nS = 1
S = [ 0 1 2 3 4 5 6 7 8 9 ]
