n = 10 ; 
T = 96 ; 
Init = [ 1 1 1 0 0 0 1 1 1 1 ]
L = [ 16 14 14 14 9 9 7 7 16 8 ]
l = [ 16 14 14 14 9 9 7 7 16 8 ]
Pmin = [ 275 226 226 223 125 125 69 69 236 110 ]
Pmax = [ 367 301 301 297 166 166 92 92 315 147 ]
cf = [ 10.1135 41.7673 41.7673 38.9049 68.9198 68.9198 67.3694 67.3694 51.879 7.19084 ]
c0 = [ 247 213 213 207 137 137 90 90 215 110 ]
cp = [ 12.4233 31.3746 31.3746 21.1485 25.6515 25.6515 35.1518 35.1518 18.4162 31.3252 ]
D = [ 651 661 772 809 855 851 942 1003 1039 1151 1121 1229 1232 1373 1361 1481 1451 1573 1599 1612 1732 1736 1775 1853 1934 1891 1738 1703 1611 1566 1442 1371 1370 1214 1215 1279 1315 1426 1496 1604 1683 1525 1453 1246 1085 947 806 650 509 555 658 684 740 793 892 978 982 1084 1155 1166 1255 1301 1352 1464 1493 1564 1577 1684 1740 1782 1875 1938 1986 1928 1837 1720 1612 1573 1473 1389 1335 1279 1160 1290 1323 1430 1586 1652 1802 1612 1453 1276 1162 993 779 634 ]
K = 7
nk = [ 1 2 2 3 4 4 5 5 6 7 ]
First = [ 1 1 0 1 1 0 1 0 1 1 ]
Last = [ 1 0 1 1 0 1 0 1 1 1 ]
nS = 1
S = [ 0 1 2 3 4 5 6 7 8 9 ]
