n = 10 ; 
T = 96 ; 
Init = [ 1 1 1 0 0 0 1 1 1 1 ]
L = [ 5 5 5 7 7 7 12 12 12 12 ]
l = [ 5 5 5 7 7 7 12 12 12 12 ]
Pmin = [ 40 40 40 91 91 91 164 164 174 174 ]
Pmax = [ 54 54 54 122 122 122 219 219 233 233 ]
cf = [ 38.0304 38.0304 38.0304 37.3461 37.3461 37.3461 57.2519 57.2519 54.3433 54.3433 ]
c0 = [ 89 89 89 99 99 99 179 179 158 158 ]
cp = [ 35.6902 35.6902 35.6902 28.3674 28.3674 28.3674 22.8884 22.8884 13.1079 13.1079 ]
D = [ 350 402 391 451 497 521 556 623 617 692 697 768 773 817 841 872 896 976 968 1046 1086 1072 1132 1194 1222 1176 1102 1057 1012 983 895 898 828 751 722 772 849 929 953 1045 1107 1006 925 804 711 676 550 445 371 423 436 469 495 568 603 648 681 711 734 795 843 854 874 940 970 1021 1030 1049 1109 1145 1161 1218 1275 1186 1137 1082 1021 961 948 881 837 743 730 789 845 888 955 1009 1044 1014 894 800 744 665 600 481 ]
K = 4
nk = [ 1 1 1 2 2 2 3 3 4 4 ]
First = [ 1 0 0 1 0 0 1 0 1 0 ]
Last = [ 0 0 1 0 0 1 0 1 0 1 ]
nS = 1
S = [ 0 1 2 3 4 5 6 7 8 9 ]
