n = 10 ; 
T = 96 ; 
Init = [ 1 0 1 1 1 1 1 1 1 1 ]
L = [ 10 17 13 15 16 15 18 18 4 4 ]
l = [ 10 17 13 15 16 15 18 18 4 4 ]
Pmin = [ 125 272 204 238 256 246 276 276 46 46 ]
Pmax = [ 167 362 273 317 341 328 368 368 61 61 ]
cf = [ 23.0778 58.2279 49.413 51.0078 28.8476 27.6828 23.833 23.833 34.4382 34.4382 ]
c0 = [ 129 250 204 218 241 221 237 237 81 81 ]
cp = [ 32.3336 20.1328 20.9629 21.2247 19.9407 24.654 15.5407 15.5407 41.5363 41.5363 ]
D = [ 614 683 724 858 910 984 1018 1066 1150 1163 1227 1325 1396 1503 1491 1600 1618 1770 1758 1885 1894 1986 2001 2133 2188 2092 1953 1941 1871 1708 1652 1529 1476 1396 1238 1394 1546 1684 1824 1889 2082 1913 1704 1488 1362 1182 1010 839 641 700 821 901 911 1005 1104 1147 1169 1235 1316 1348 1451 1557 1609 1719 1726 1818 1883 1899 1959 2090 2158 2214 2245 2158 2137 2043 1918 1820 1684 1682 1575 1493 1396 1416 1545 1665 1766 1848 1861 1721 1620 1415 1312 1089 926 764 ]
K = 8
nk = [ 1 2 3 4 5 6 7 7 8 8 ]
First = [ 1 1 1 1 1 1 1 0 1 0 ]
Last = [ 1 1 1 1 1 1 0 1 0 1 ]
nS = 1
S = [ 0 1 2 3 4 5 6 7 8 9 ]
