n = 10 ; 
T = 96 ; 
Init = [ 1 1 1 1 0 1 1 0 0 1 ]
L = [ 14 14 8 8 10 16 16 8 8 18 ]
l = [ 14 14 8 8 10 16 16 8 8 18 ]
Pmin = [ 215 215 103 103 146 246 246 112 112 279 ]
Pmax = [ 287 287 137 137 195 328 328 149 149 371 ]
cf = [ 43.3122 43.3122 56.3727 56.3727 63.9459 37.1324 37.1324 66.6404 66.6404 46.0035 ]
c0 = [ 214 214 111 111 146 229 229 130 130 245 ]
cp = [ 19.8196 19.8196 35.3787 35.3787 37.8968 16.1871 16.1871 30.3782 30.3782 11.0093 ]
D = [ 609 664 794 834 905 894 995 1021 1145 1165 1274 1300 1330 1438 1526 1580 1582 1689 1755 1811 1868 1903 1951 2029 2077 2003 1885 1799 1709 1706 1568 1471 1367 1299 1275 1352 1383 1477 1613 1612 1759 1626 1461 1354 1173 1034 920 774 622 644 788 835 826 971 1015 1091 1091 1125 1184 1297 1301 1447 1413 1520 1623 1598 1674 1781 1825 1837 1902 1945 2077 1986 1833 1750 1742 1629 1550 1421 1367 1276 1136 1306 1405 1448 1633 1673 1786 1700 1523 1310 1215 1039 875 728 ]
K = 6
nk = [ 1 1 2 2 3 4 4 5 5 6 ]
First = [ 1 0 1 0 1 1 0 1 0 1 ]
Last = [ 0 1 0 1 1 0 1 0 1 1 ]
nS = 1
S = [ 0 1 2 3 4 5 6 7 8 9 ]
