n = 10 ; 
T = 96 ; 
Init = [ 1 1 1 1 1 1 1 1 1 1 ]
L = [ 16 16 16 16 16 16 9 9 9 20 ]
l = [ 16 16 16 16 16 16 9 9 9 20 ]
Pmin = [ 252 252 252 252 252 252 105 105 105 307 ]
Pmax = [ 335 335 335 335 336 336 140 140 140 410 ]
cf = [ 14.2471 14.2471 14.2471 14.2471 35.4663 35.4663 12.6025 12.6025 12.6025 16.0908 ]
c0 = [ 222 222 222 222 234 234 127 127 127 250 ]
cp = [ 23.4085 23.4085 23.4085 23.4085 25.0962 25.0962 28.9557 28.9557 28.9557 11.4679 ]
D = [ 807 870 961 1024 1054 1190 1243 1233 1378 1351 1468 1508 1604 1611 1697 1760 1817 1942 1964 2028 2079 2221 2221 2311 2373 2273 2165 2104 1941 1907 1812 1680 1531 1462 1328 1463 1556 1728 1788 1849 2043 1895 1673 1525 1433 1233 1083 871 779 870 860 917 1001 1142 1136 1286 1318 1393 1380 1443 1597 1614 1666 1774 1860 1868 1952 2045 2098 2189 2232 2239 2334 2279 2145 2046 2047 1913 1854 1733 1624 1603 1472 1586 1732 1848 1932 2043 2168 1979 1780 1573 1449 1235 1070 852 ]
K = 4
nk = [ 1 1 1 1 2 2 3 3 3 4 ]
First = [ 1 0 0 0 1 0 1 0 0 1 ]
Last = [ 0 0 0 1 0 1 0 0 1 1 ]
nS = 1
S = [ 0 1 2 3 4 5 6 7 8 9 ]
