n = 10 ; 
T = 96 ; 
Init = [ 0 0 0 0 1 1 1 1 1 1 ]
L = [ 15 14 14 10 17 17 17 17 17 17 ]
l = [ 15 14 14 10 17 17 17 17 17 17 ]
Pmin = [ 244 221 221 120 261 261 261 273 273 273 ]
Pmax = [ 326 295 295 160 348 348 348 364 364 364 ]
cf = [ 11.7442 20.6433 20.6433 35.4849 14.4158 14.4158 14.4158 38.7754 38.7754 38.7754 ]
c0 = [ 232 219 219 133 236 236 236 248 248 248 ]
cp = [ 19.3662 22.0316 22.0316 35.4531 11.3322 11.3322 11.3322 11.566 11.566 11.566 ]
D = [ 996 989 1143 1229 1226 1271 1416 1451 1541 1704 1782 1843 1878 2000 2010 2188 2249 2277 2356 2503 2581 2558 2713 2719 2838 2681 2530 2487 2341 2256 2108 1949 1779 1704 1552 1673 1810 1969 2046 2193 2307 2077 1899 1662 1475 1356 1089 882 770 790 852 1024 1021 1169 1195 1236 1364 1489 1488 1542 1643 1775 1848 1863 1955 2057 2069 2247 2232 2324 2375 2558 2572 2431 2331 2348 2256 2045 2009 1913 1774 1724 1595 1742 1873 2060 2172 2355 2461 2296 2127 1929 1691 1519 1260 1166 ]
K = 5
nk = [ 1 2 2 3 4 4 4 5 5 5 ]
First = [ 1 1 0 1 1 0 0 1 0 0 ]
Last = [ 1 0 1 1 0 0 1 0 0 1 ]
nS = 1
S = [ 0 1 2 3 4 5 6 7 8 9 ]
