n = 10 ; 
T = 96 ; 
Init = [ 0 0 1 0 0 1 1 1 1 1 ]
L = [ 14 14 12 16 7 5 10 10 8 8 ]
l = [ 14 14 12 16 7 5 10 10 8 8 ]
Pmin = [ 218 218 190 262 81 33 141 141 99 99 ]
Pmax = [ 290 290 253 350 108 44 188 188 131 131 ]
cf = [ 68.9552 68.9552 26.5738 25.1228 63.7668 50.9419 31.7177 31.7177 41.8369 41.8369 ]
c0 = [ 182 182 172 243 106 77 153 153 129 129 ]
cp = [ 16.7007 16.7007 23.9728 20.5669 33.3068 39.2523 20.0728 20.0728 35.3872 35.3872 ]
D = [ 413 504 502 608 611 696 781 812 847 917 948 1044 1074 1169 1181 1215 1331 1368 1401 1486 1507 1595 1614 1686 1730 1672 1608 1485 1407 1373 1288 1212 1136 1073 970 1066 1178 1249 1321 1334 1422 1280 1224 1095 916 817 748 629 444 561 583 642 690 740 794 801 838 889 972 1019 1040 1147 1156 1178 1286 1315 1353 1439 1452 1482 1586 1620 1622 1609 1530 1443 1383 1275 1249 1185 1066 1013 959 1061 1151 1165 1225 1303 1399 1310 1203 1088 978 830 768 638 ]
K = 7
nk = [ 1 1 2 3 4 5 6 6 7 7 ]
First = [ 1 0 1 1 1 1 1 0 1 0 ]
Last = [ 0 1 1 1 1 1 0 1 0 1 ]
nS = 1
S = [ 0 1 2 3 4 5 6 7 8 9 ]
