n = 10 ; 
T = 96 ; 
Init = [ 1 1 1 1 1 0 0 0 0 0 ]
L = [ 13 13 13 13 13 9 9 9 9 14 ]
l = [ 13 13 13 13 13 9 9 9 9 14 ]
Pmin = [ 194 194 194 194 194 138 138 138 138 225 ]
Pmax = [ 259 259 259 259 259 183 183 183 183 300 ]
cf = [ 7.099 7.099 7.099 7.099 7.099 10.2279 10.2279 10.2279 10.2279 57.6719 ]
c0 = [ 182 182 182 182 182 152 152 152 152 204 ]
cp = [ 17.5114 17.5114 17.5114 17.5114 17.5114 32.2789 32.2789 32.2789 32.2789 23.2058 ]
D = [ 581 600 709 767 839 853 911 1002 1100 1087 1175 1216 1275 1371 1453 1445 1551 1637 1606 1696 1753 1836 1869 1913 2035 1909 1848 1739 1720 1562 1504 1426 1321 1218 1139 1214 1327 1414 1521 1579 1686 1513 1430 1322 1184 1031 855 762 593 731 742 802 870 949 982 1070 1081 1213 1187 1274 1317 1375 1491 1537 1618 1614 1684 1815 1860 1859 1983 2005 2053 1966 1837 1780 1668 1634 1464 1394 1345 1219 1149 1224 1324 1434 1537 1682 1771 1628 1547 1367 1221 1102 909 783 ]
K = 3
nk = [ 1 1 1 1 1 2 2 2 2 3 ]
First = [ 1 0 0 0 0 1 0 0 0 1 ]
Last = [ 0 0 0 0 1 0 0 0 1 1 ]
nS = 1
S = [ 0 1 2 3 4 5 6 7 8 9 ]
