n = 20 ; 
T = 96 ; 
Init = [ 0 0 0 0 0 0 1 1 1 1 0 0 0 0 1 1 1 0 0 1 ]
L = [ 12 12 12 12 10 12 11 11 11 11 15 15 15 15 16 16 15 10 10 5 ]
l = [ 12 12 12 12 10 12 11 11 11 11 15 15 15 15 16 16 15 10 10 5 ]
Pmin = [ 176 176 176 176 128 189 155 155 155 155 235 235 235 235 240 240 217 141 141 42 ]
Pmax = [ 234 234 234 234 171 252 207 207 207 207 313 313 313 313 321 321 289 188 188 57 ]
cf = [ 40.1868 40.1868 40.1868 40.1868 7.89749 33.0536 20.7778 20.7778 20.7778 20.7778 49.1826 49.1826 49.1826 49.1826 41.3834 41.3834 21.3143 27.5854 27.5854 55.7147 ]
c0 = [ 166 166 166 166 134 190 146 146 146 146 208 208 208 208 209 209 210 166 166 67 ]
cp = [ 29.2466 29.2466 29.2466 29.2466 34.9267 23.3374 22.6279 22.6279 22.6279 22.6279 15.8846 15.8846 15.8846 15.8846 19.0897 19.0897 30.2863 17.0806 17.0806 41.1986 ]
D = [ 1483 1550 1602 1833 1924 1887 2060 2244 2284 2420 2499 2515 2781 2880 2981 3041 3209 3162 3413 3464 3547 3733 3771 3875 4052 3729 3657 3466 3327 3232 2932 2811 2677 2516 2327 2557 2823 3079 3196 3396 3682 3425 2996 2712 2448 2014 1876 1482 1200 1225 1444 1593 1705 1699 1868 2044 2089 2296 2496 2540 2716 2735 2825 3038 3145 3216 3495 3473 3626 3747 3972 4011 4121 3978 3840 3600 3519 3283 3256 2977 2832 2705 2449 2662 2968 3128 3390 3615 3663 3457 3057 2805 2492 2056 1698 1367 ]
K = 9
nk = [ 1 1 1 1 2 3 4 4 4 4 5 5 5 5 6 6 7 8 8 9 ]
First = [ 1 0 0 0 1 1 1 0 0 0 1 0 0 0 1 0 1 1 0 1 ]
Last = [ 0 0 0 1 1 1 0 0 0 1 0 0 0 1 0 1 1 0 1 1 ]
nS = 1
S = [ 0 1 2 3 4 5 6 7 8 9 10 11 12 13 14 15 16 17 18 19 ]
