n = 20 ; 
T = 96 ; 
Init = [ 0 0 0 0 0 0 0 0 0 0 0 0 0 0 0 0 0 1 1 1 ]
L = [ 11 11 11 11 11 14 14 14 14 14 14 14 14 14 18 18 18 18 18 18 ]
l = [ 11 11 11 11 11 14 14 14 14 14 14 14 14 14 18 18 18 18 18 18 ]
Pmin = [ 167 167 167 167 167 204 204 204 204 204 204 204 204 204 291 291 291 306 306 306 ]
Pmax = [ 223 223 223 223 223 271 271 271 271 271 271 271 271 271 387 387 387 408 408 408 ]
cf = [ 18.572 18.572 18.572 18.572 18.572 67.3032 67.3032 67.3032 67.3032 67.3032 67.3032 67.3032 67.3032 67.3032 11.2823 11.2823 11.2823 66.8888 66.8888 66.8888 ]
c0 = [ 168 168 168 168 168 184 184 184 184 184 184 184 184 184 250 250 250 248 248 248 ]
cp = [ 29.9507 29.9507 29.9507 29.9507 29.9507 23.225 23.225 23.225 23.225 23.225 23.225 23.225 23.225 23.225 13.4286 13.4286 13.4286 13.9616 13.9616 13.9616 ]
D = [ 1273 1423 1658 1652 1899 2002 2135 2328 2458 2563 2781 2946 2948 3078 3256 3527 3680 3775 3933 4067 4085 4311 4380 4679 4716 4644 4503 4346 4135 3987 3659 3511 3366 3127 3064 3176 3527 3607 4004 4100 4377 3997 3502 3261 2865 2401 2048 1657 1197 1485 1417 1582 1904 2091 2221 2331 2365 2522 2662 2870 3138 3170 3271 3400 3609 3823 4008 4227 4336 4433 4645 4680 4813 4676 4473 4306 4154 3935 3658 3416 3333 3072 2843 3171 3423 3650 3936 4308 4539 4125 3865 3286 2989 2678 2075 1835 ]
K = 4
nk = [ 1 1 1 1 1 2 2 2 2 2 2 2 2 2 3 3 3 4 4 4 ]
First = [ 1 0 0 0 0 1 0 0 0 0 0 0 0 0 1 0 0 1 0 0 ]
Last = [ 0 0 0 0 1 0 0 0 0 0 0 0 0 1 0 0 1 0 0 1 ]
nS = 1
S = [ 0 1 2 3 4 5 6 7 8 9 10 11 12 13 14 15 16 17 18 19 ]
