n = 20 ; 
T = 96 ; 
Init = [ 1 1 1 1 1 1 0 0 0 0 0 0 0 0 0 0 0 0 0 0 ]
L = [ 8 8 8 8 8 8 18 18 18 18 18 10 10 10 10 10 5 12 12 12 ]
l = [ 8 8 8 8 8 8 18 18 18 18 18 10 10 10 10 10 5 12 12 12 ]
Pmin = [ 111 111 111 111 111 111 284 284 284 284 284 150 150 150 150 150 45 181 181 181 ]
Pmax = [ 148 148 148 148 148 148 378 378 378 378 378 200 200 200 200 200 60 242 242 242 ]
cf = [ 61.6276 61.6276 61.6276 61.6276 61.6276 61.6276 17.4522 17.4522 17.4522 17.4522 17.4522 41.2124 41.2124 41.2124 41.2124 41.2124 57.625 11.4143 11.4143 11.4143 ]
c0 = [ 132 132 132 132 132 132 243 243 243 243 243 163 163 163 163 163 86 181 181 181 ]
cp = [ 32.151 32.151 32.151 32.151 32.151 32.151 12.0685 12.0685 12.0685 12.0685 12.0685 38.1452 38.1452 38.1452 38.1452 38.1452 38.1226 29.8977 29.8977 29.8977 ]
D = [ 1194 1328 1326 1575 1704 1704 1914 1915 2166 2242 2291 2471 2522 2632 2887 2907 3153 3105 3372 3459 3481 3594 3835 3923 3963 3921 3603 3544 3330 3237 2995 2774 2694 2511 2236 2552 2818 3020 3216 3430 3586 3199 2958 2715 2317 2027 1866 1409 1168 1347 1464 1449 1667 1716 1843 1960 2125 2205 2233 2389 2550 2499 2707 2856 2969 2994 3086 3292 3375 3522 3628 3720 3822 3522 3387 3341 3214 3003 2866 2850 2529 2402 2265 2578 2735 2958 3100 3314 3511 3269 2861 2624 2406 2100 1724 1512 ]
K = 5
nk = [ 1 1 1 1 1 1 2 2 2 2 2 3 3 3 3 3 4 5 5 5 ]
First = [ 1 0 0 0 0 0 1 0 0 0 0 1 0 0 0 0 1 1 0 0 ]
Last = [ 0 0 0 0 0 1 0 0 0 0 1 0 0 0 0 1 1 0 0 1 ]
nS = 1
S = [ 0 1 2 3 4 5 6 7 8 9 10 11 12 13 14 15 16 17 18 19 ]
