n = 20 ; 
T = 96 ; 
Init = [ 1 1 1 1 1 1 1 1 1 1 1 1 1 1 1 0 0 0 0 0 ]
L = [ 7 7 7 7 15 15 15 15 19 19 17 17 17 17 6 15 15 15 15 8 ]
l = [ 7 7 7 7 15 15 15 15 19 19 17 17 17 17 6 15 15 15 15 8 ]
Pmin = [ 94 94 94 94 233 233 233 233 315 315 275 275 275 275 55 252 252 252 252 100 ]
Pmax = [ 126 126 126 126 311 311 311 311 420 420 367 367 367 367 73 336 336 336 336 133 ]
cf = [ 42.6942 42.6942 42.6942 42.6942 37.9425 37.9425 37.9425 37.9425 24.6659 24.6659 58.931 58.931 58.931 58.931 35.7219 14.4286 14.4286 14.4286 14.4286 21.2567 ]
c0 = [ 94 94 94 94 211 211 211 211 250 250 231 231 231 231 97 219 219 219 219 120 ]
cp = [ 38.5589 38.5589 38.5589 38.5589 20.8661 20.8661 20.8661 20.8661 15.7453 15.7453 16.38 16.38 16.38 16.38 35.999 13.774 13.774 13.774 13.774 29.8554 ]
D = [ 1534 1666 1811 1917 1981 2190 2258 2529 2691 2657 2844 3155 3145 3312 3597 3522 3876 3863 4096 4296 4434 4435 4548 4743 5040 4693 4576 4219 4155 3873 3520 3470 3173 3045 2730 3074 3282 3612 3856 4081 4455 4093 3612 3182 2841 2499 2073 1716 1543 1588 1759 1804 1953 2212 2190 2278 2406 2554 2791 3011 3066 3146 3298 3406 3676 3776 3756 4035 4024 4170 4478 4495 4584 4589 4382 4186 4035 3688 3602 3486 3273 2999 2792 3031 3319 3617 3809 4090 4401 4097 3643 3277 2918 2705 2312 2088 ]
K = 7
nk = [ 1 1 1 1 2 2 2 2 3 3 4 4 4 4 5 6 6 6 6 7 ]
First = [ 1 0 0 0 1 0 0 0 1 0 1 0 0 0 1 1 0 0 0 1 ]
Last = [ 0 0 0 1 0 0 0 1 0 1 0 0 0 1 1 0 0 0 1 1 ]
nS = 1
S = [ 0 1 2 3 4 5 6 7 8 9 10 11 12 13 14 15 16 17 18 19 ]
