n = 20 ; 
T = 96 ; 
Init = [ 0 0 0 0 0 0 1 1 1 1 1 1 1 1 1 1 0 0 0 0 ]
L = [ 5 5 5 5 5 5 14 14 14 14 14 14 14 14 14 14 14 14 14 14 ]
l = [ 5 5 5 5 5 5 14 14 14 14 14 14 14 14 14 14 14 14 14 14 ]
Pmin = [ 68 68 68 68 68 68 217 217 217 217 217 217 217 217 217 217 205 205 205 205 ]
Pmax = [ 91 91 91 91 91 91 289 289 289 289 289 289 289 289 289 289 273 273 273 273 ]
cf = [ 66.6062 66.6062 66.6062 66.6062 66.6062 66.6062 28.8185 28.8185 28.8185 28.8185 28.8185 28.8185 28.8185 28.8185 28.8185 28.8185 67.0178 67.0178 67.0178 67.0178 ]
c0 = [ 111 111 111 111 111 111 200 200 200 200 200 200 200 200 200 200 181 181 181 181 ]
cp = [ 38.2502 38.2502 38.2502 38.2502 38.2502 38.2502 19.2528 19.2528 19.2528 19.2528 19.2528 19.2528 19.2528 19.2528 19.2528 19.2528 25.0568 25.0568 25.0568 25.0568 ]
D = [ 1163 1279 1418 1456 1667 1700 1783 1885 2027 2172 2354 2354 2560 2556 2712 2841 3002 3070 3146 3296 3420 3455 3575 3667 3930 3751 3583 3452 3186 3044 2873 2829 2691 2547 2429 2516 2599 2758 3017 3130 3322 3034 2780 2450 2227 1836 1703 1349 1025 1153 1266 1318 1427 1559 1676 1793 1903 2125 2254 2369 2442 2501 2542 2798 2778 2956 3066 3218 3240 3479 3506 3596 3800 3667 3517 3204 3033 2920 2820 2620 2524 2426 2166 2416 2506 2781 3037 3126 3330 3106 2699 2366 2090 1795 1607 1199 ]
K = 3
nk = [ 1 1 1 1 1 1 2 2 2 2 2 2 2 2 2 2 3 3 3 3 ]
First = [ 1 0 0 0 0 0 1 0 0 0 0 0 0 0 0 0 1 0 0 0 ]
Last = [ 0 0 0 0 0 1 0 0 0 0 0 0 0 0 0 1 0 0 0 1 ]
nS = 1
S = [ 0 1 2 3 4 5 6 7 8 9 10 11 12 13 14 15 16 17 18 19 ]
