n = 20 ; 
T = 96 ; 
Init = [ 0 0 0 0 0 0 1 1 1 1 1 1 1 1 1 1 1 1 1 1 ]
L = [ 15 15 15 15 15 15 5 5 5 5 5 5 5 5 5 17 17 17 17 17 ]
l = [ 15 15 15 15 15 15 5 5 5 5 5 5 5 5 5 17 17 17 17 17 ]
Pmin = [ 250 250 250 250 250 250 53 53 53 53 53 53 53 53 53 292 292 292 292 292 ]
Pmax = [ 334 334 334 334 334 334 71 71 71 71 71 71 71 71 71 389 389 389 389 389 ]
cf = [ 62.5595 62.5595 62.5595 62.5595 62.5595 62.5595 62.039 62.039 62.039 62.039 62.039 62.039 62.039 62.039 62.039 61.6762 61.6762 61.6762 61.6762 61.6762 ]
c0 = [ 224 224 224 224 224 224 70 70 70 70 70 70 70 70 70 248 248 248 248 248 ]
cp = [ 15.9153 15.9153 15.9153 15.9153 15.9153 15.9153 38.4276 38.4276 38.4276 38.4276 38.4276 38.4276 38.4276 38.4276 38.4276 22.9929 22.9929 22.9929 22.9929 22.9929 ]
D = [ 1241 1453 1622 1620 1841 1942 1941 2159 2260 2360 2403 2576 2629 2806 2813 3015 3079 3208 3430 3451 3587 3753 3829 3979 4056 3914 3737 3546 3444 3210 3085 2979 2659 2590 2367 2466 2695 2853 3056 3088 3232 2927 2763 2409 2166 1897 1630 1337 1041 1075 1162 1356 1377 1621 1694 1829 1928 2058 2221 2415 2486 2600 2692 2773 2942 3102 3179 3333 3436 3632 3649 3772 3992 3724 3603 3488 3308 3244 2946 2815 2661 2509 2449 2533 2841 2888 3166 3266 3502 3147 2828 2522 2339 1988 1639 1317 ]
K = 3
nk = [ 1 1 1 1 1 1 2 2 2 2 2 2 2 2 2 3 3 3 3 3 ]
First = [ 1 0 0 0 0 0 1 0 0 0 0 0 0 0 0 1 0 0 0 0 ]
Last = [ 0 0 0 0 0 1 0 0 0 0 0 0 0 0 1 0 0 0 0 1 ]
nS = 1
S = [ 0 1 2 3 4 5 6 7 8 9 10 11 12 13 14 15 16 17 18 19 ]
