n = 20 ; 
T = 96 ; 
Init = [ 1 1 1 1 1 1 1 1 0 0 0 0 0 0 0 1 1 1 0 0 ]
L = [ 13 13 13 19 19 19 19 19 13 13 13 4 4 16 16 10 10 10 14 14 ]
l = [ 13 13 13 19 19 19 19 19 13 13 13 4 4 16 16 10 10 10 14 14 ]
Pmin = [ 197 197 197 306 306 306 306 306 195 195 195 24 24 252 252 139 139 139 216 216 ]
Pmax = [ 262 262 262 408 408 408 408 408 260 260 260 31 31 336 336 185 185 185 288 288 ]
cf = [ 50.6965 50.6965 50.6965 13.2648 13.2648 13.2648 13.2648 13.2648 23.5188 23.5188 23.5188 34.3673 34.3673 58.85 58.85 49.3168 49.3168 49.3168 38.1656 38.1656 ]
c0 = [ 205 205 205 250 250 250 250 250 191 191 191 56 56 219 219 138 138 138 199 199 ]
cp = [ 27.1423 27.1423 27.1423 13.7229 13.7229 13.7229 13.7229 13.7229 27.2615 27.2615 27.2615 41.7165 41.7165 17.8447 17.8447 24.9886 24.9886 24.9886 20.4785 20.4785 ]
D = [ 1326 1550 1600 1669 1910 2040 2267 2379 2544 2590 2786 2918 3144 3267 3440 3542 3687 3727 3970 4078 4249 4450 4611 4783 4789 4751 4392 4362 4139 3764 3665 3439 3356 2940 2854 3067 3273 3467 3644 3866 4176 3866 3538 3172 2837 2533 2339 2000 1660 1736 1990 2012 2152 2360 2363 2549 2643 2842 2929 3029 3126 3209 3514 3587 3627 3717 3881 4146 4222 4337 4362 4668 4686 4572 4226 4127 3947 3745 3477 3244 2990 2847 2727 2963 3160 3393 3685 4067 4371 4016 3543 3209 3027 2731 2341 1852 ]
K = 7
nk = [ 1 1 1 2 2 2 2 2 3 3 3 4 4 5 5 6 6 6 7 7 ]
First = [ 1 0 0 1 0 0 0 0 1 0 0 1 0 1 0 1 0 0 1 0 ]
Last = [ 0 0 1 0 0 0 0 1 0 0 1 0 1 0 1 0 0 1 0 1 ]
nS = 1
S = [ 0 1 2 3 4 5 6 7 8 9 10 11 12 13 14 15 16 17 18 19 ]
