n = 20 ; 
T = 96 ; 
Init = [ 1 1 1 0 0 0 1 1 1 0 0 1 1 1 1 1 1 1 1 0 ]
L = [ 16 16 16 18 18 18 12 12 12 10 10 6 6 6 6 8 8 8 8 18 ]
l = [ 16 16 16 18 18 18 12 12 12 10 10 6 6 6 6 8 8 8 8 18 ]
Pmin = [ 277 277 277 299 299 299 194 194 194 152 152 61 61 61 61 94 94 94 94 288 ]
Pmax = [ 369 369 369 399 399 399 259 259 259 202 202 82 82 82 82 125 125 125 125 384 ]
cf = [ 37.5677 37.5677 37.5677 23.7397 23.7397 23.7397 35.4437 35.4437 35.4437 57.5297 57.5297 11.8072 11.8072 11.8072 11.8072 63.5421 63.5421 63.5421 63.5421 18.1348 ]
c0 = [ 250 250 250 248 248 248 180 180 180 147 147 92 92 92 92 105 105 105 105 244 ]
cp = [ 14.2959 14.2959 14.2959 25.3602 25.3602 25.3602 28.5408 28.5408 28.5408 22.2847 22.2847 36.6791 36.6791 36.6791 36.6791 38.1133 38.1133 38.1133 38.1133 12.0057 ]
D = [ 1185 1373 1467 1524 1642 1780 1988 2066 2238 2324 2453 2592 2731 2866 2967 3120 3238 3335 3394 3560 3655 3827 3894 4081 4143 3938 3765 3724 3513 3211 3132 2854 2804 2507 2349 2680 2783 3096 3192 3343 3617 3399 3058 2652 2444 2080 1890 1487 1309 1359 1494 1457 1703 1790 1910 2034 2035 2245 2311 2384 2428 2619 2776 2738 3006 3108 3138 3300 3362 3474 3539 3725 3759 3647 3477 3293 3119 3018 2925 2633 2475 2411 2164 2523 2632 2965 3154 3344 3593 3235 2885 2753 2479 2179 1903 1603 ]
K = 7
nk = [ 1 1 1 2 2 2 3 3 3 4 4 5 5 5 5 6 6 6 6 7 ]
First = [ 1 0 0 1 0 0 1 0 0 1 0 1 0 0 0 1 0 0 0 1 ]
Last = [ 0 0 1 0 0 1 0 0 1 0 1 0 0 0 1 0 0 0 1 1 ]
nS = 1
S = [ 0 1 2 3 4 5 6 7 8 9 10 11 12 13 14 15 16 17 18 19 ]
