n = 20 ; 
T = 96 ; 
Init = [ 0 0 0 0 0 0 1 1 1 1 1 1 1 1 1 0 0 0 0 0 ]
L = [ 4 4 17 17 17 17 10 10 10 11 11 11 11 11 11 15 19 19 19 19 ]
l = [ 4 4 17 17 17 17 10 10 10 11 11 11 11 11 11 15 19 19 19 19 ]
Pmin = [ 32 32 266 266 266 267 148 148 148 147 147 147 147 147 147 248 307 307 307 307 ]
Pmax = [ 43 43 354 354 354 356 197 197 197 196 196 196 196 196 196 331 409 409 409 409 ]
cf = [ 39.975 39.975 49.6945 49.6945 49.6945 36.941 59.7088 59.7088 59.7088 15.2147 15.2147 15.2147 15.2147 15.2147 15.2147 24.4542 27.6298 27.6298 27.6298 27.6298 ]
c0 = [ 72 72 220 220 220 241 160 160 160 139 139 139 139 139 139 223 250 250 250 250 ]
cp = [ 41.9339 41.9339 13.9641 13.9641 13.9641 22.0319 30.8931 30.8931 30.8931 25.6312 25.6312 25.6312 25.6312 25.6312 25.6312 16.1564 19.907 19.907 19.907 19.907 ]
D = [ 1388 1567 1653 1826 1801 2051 2087 2303 2301 2413 2481 2719 2841 2921 2983 3203 3271 3375 3596 3602 3729 3830 3983 4135 4311 4120 3870 3830 3685 3438 3259 3153 2965 2961 2700 2921 3181 3390 3498 3636 3836 3558 3270 2929 2401 2055 1814 1443 1032 1207 1391 1604 1679 1766 1984 2173 2231 2495 2647 2643 2796 2975 3038 3207 3509 3517 3692 3857 3928 4112 4309 4384 4677 4507 4225 3963 3867 3581 3301 3102 3054 2813 2680 2790 3137 3305 3457 3716 4002 3809 3358 3093 2723 2399 2155 1732 ]
K = 7
nk = [ 1 1 2 2 2 3 4 4 4 5 5 5 5 5 5 6 7 7 7 7 ]
First = [ 1 0 1 0 0 1 1 0 0 1 0 0 0 0 0 1 1 0 0 0 ]
Last = [ 0 1 0 0 1 1 0 0 1 0 0 0 0 0 1 1 0 0 0 1 ]
nS = 1
S = [ 0 1 2 3 4 5 6 7 8 9 10 11 12 13 14 15 16 17 18 19 ]
