n = 20 ; 
T = 96 ; 
Init = [ 0 0 0 0 0 0 1 1 1 1 1 1 1 0 0 1 1 1 1 1 ]
L = [ 15 15 15 15 15 15 16 16 16 16 16 11 11 8 8 7 7 7 7 7 ]
l = [ 15 15 15 15 15 15 16 16 16 16 16 11 11 8 8 7 7 7 7 7 ]
Pmin = [ 243 243 243 243 243 243 263 263 263 263 263 162 162 105 105 78 78 78 78 78 ]
Pmax = [ 325 325 325 325 325 325 351 351 351 351 351 216 216 140 140 104 104 104 104 104 ]
cf = [ 13.9336 13.9336 13.9336 13.9336 13.9336 13.9336 62.2624 62.2624 62.2624 62.2624 62.2624 38.3023 38.3023 59.609 59.609 25.1385 25.1385 25.1385 25.1385 25.1385 ]
c0 = [ 238 238 238 238 238 238 221 221 221 221 221 172 172 107 107 113 113 113 113 113 ]
cp = [ 12.8938 12.8938 12.8938 12.8938 12.8938 12.8938 14.3859 14.3859 14.3859 14.3859 14.3859 29.8031 29.8031 36.7651 36.7651 28.2951 28.2951 28.2951 28.2951 28.2951 ]
D = [ 999 1106 1309 1419 1635 1720 1816 1987 1996 2159 2222 2495 2467 2672 2783 2825 3139 3267 3217 3406 3580 3756 3712 4006 4109 3919 3657 3621 3518 3248 3223 2931 2839 2696 2585 2707 2843 3024 3192 3410 3628 3252 2941 2721 2426 2100 1798 1493 1088 1223 1410 1399 1618 1721 1954 2052 2082 2172 2327 2561 2688 2795 2993 3130 3234 3281 3465 3503 3745 3822 3874 4101 4185 3954 3879 3705 3542 3503 3211 3147 2916 2683 2675 2910 3026 3299 3504 3719 3952 3622 3183 2854 2502 2132 1811 1433 ]
K = 5
nk = [ 1 1 1 1 1 1 2 2 2 2 2 3 3 4 4 5 5 5 5 5 ]
First = [ 1 0 0 0 0 0 1 0 0 0 0 1 0 1 0 1 0 0 0 0 ]
Last = [ 0 0 0 0 0 1 0 0 0 0 1 0 1 0 1 0 0 0 0 1 ]
nS = 1
S = [ 0 1 2 3 4 5 6 7 8 9 10 11 12 13 14 15 16 17 18 19 ]
