n = 20 ; 
T = 96 ; 
Init = [ 0 0 0 1 1 1 1 1 1 1 0 0 1 1 1 1 1 1 1 1 ]
L = [ 8 8 8 12 12 12 12 12 9 9 11 11 10 10 10 10 10 7 7 7 ]
l = [ 8 8 8 12 12 12 12 12 9 9 11 11 10 10 10 10 10 7 7 7 ]
Pmin = [ 110 110 110 164 164 164 164 164 132 132 164 164 144 144 144 144 144 97 97 97 ]
Pmax = [ 147 147 147 218 218 218 218 218 176 176 219 219 191 191 191 191 191 130 130 130 ]
cf = [ 56.838 56.838 56.838 37.6685 37.6685 37.6685 37.6685 37.6685 41.6946 41.6946 63.5251 63.5251 58.6522 58.6522 58.6522 58.6522 58.6522 20.7056 20.7056 20.7056 ]
c0 = [ 125 125 125 153 153 153 153 153 127 127 158 158 152 152 152 152 152 110 110 110 ]
cp = [ 31.4414 31.4414 31.4414 22.5037 22.5037 22.5037 22.5037 22.5037 28.1187 28.1187 18.8562 18.8562 27.3505 27.3505 27.3505 27.3505 27.3505 38.3024 38.3024 38.3024 ]
D = [ 695 783 922 1085 1194 1243 1341 1405 1464 1613 1666 1783 1973 2060 2125 2199 2315 2365 2477 2610 2646 2724 2836 2941 3048 2997 2793 2719 2558 2463 2290 2197 2094 1964 1792 1996 2113 2237 2409 2635 2813 2543 2390 2115 1837 1653 1357 1245 884 1071 1105 1148 1256 1342 1497 1489 1673 1714 1875 1908 2049 2100 2228 2325 2381 2421 2526 2691 2663 2727 2844 3012 3011 2895 2858 2750 2645 2405 2377 2153 2158 1930 1807 1976 2184 2418 2491 2794 2834 2720 2413 2244 1946 1681 1520 1190 ]
K = 6
nk = [ 1 1 1 2 2 2 2 2 3 3 4 4 5 5 5 5 5 6 6 6 ]
First = [ 1 0 0 1 0 0 0 0 1 0 1 0 1 0 0 0 0 1 0 0 ]
Last = [ 0 0 1 0 0 0 0 1 0 1 0 1 0 0 0 0 1 0 0 1 ]
nS = 1
S = [ 0 1 2 3 4 5 6 7 8 9 10 11 12 13 14 15 16 17 18 19 ]
