n = 20 ; 
T = 96 ; 
Init = [ 0 0 0 0 0 0 1 1 1 1 1 1 1 1 1 0 0 1 1 1 ]
L = [ 12 12 12 12 12 12 9 9 9 9 9 9 9 9 9 12 12 16 16 16 ]
l = [ 12 12 12 12 12 12 9 9 9 9 9 9 9 9 9 12 12 16 16 16 ]
Pmin = [ 176 176 176 176 176 176 135 135 135 135 135 135 135 135 135 190 190 265 265 265 ]
Pmax = [ 235 235 235 235 235 235 180 180 180 180 180 180 180 180 180 253 253 354 354 354 ]
cf = [ 53.8751 53.8751 53.8751 53.8751 53.8751 53.8751 19.7083 19.7083 19.7083 19.7083 19.7083 19.7083 19.7083 19.7083 19.7083 21.6631 21.6631 65.5811 65.5811 65.5811 ]
c0 = [ 161 161 161 161 161 161 134 134 134 134 134 134 134 134 134 177 177 246 246 246 ]
cp = [ 27.1464 27.1464 27.1464 27.1464 27.1464 27.1464 22.0923 22.0923 22.0923 22.0923 22.0923 22.0923 22.0923 22.0923 22.0923 17.6032 17.6032 12.036 12.036 12.036 ]
D = [ 1160 1272 1511 1521 1603 1820 1805 1971 2010 2123 2318 2363 2468 2600 2791 2775 3026 3076 3106 3242 3349 3461 3670 3762 3897 3751 3506 3416 3291 3133 2977 2903 2746 2535 2361 2464 2647 2820 2979 3091 3267 2949 2801 2594 2297 2046 1897 1556 1309 1498 1449 1573 1665 1855 2002 2083 2081 2301 2371 2489 2498 2713 2690 2914 2963 3095 3169 3321 3357 3461 3553 3759 3767 3676 3545 3299 3130 2921 2867 2720 2414 2393 2268 2305 2541 2815 3014 3147 3354 3062 2753 2592 2230 1981 1758 1527 ]
K = 4
nk = [ 1 1 1 1 1 1 2 2 2 2 2 2 2 2 2 3 3 4 4 4 ]
First = [ 1 0 0 0 0 0 1 0 0 0 0 0 0 0 0 1 0 1 0 0 ]
Last = [ 0 0 0 0 0 1 0 0 0 0 0 0 0 0 1 0 1 0 0 1 ]
nS = 1
S = [ 0 1 2 3 4 5 6 7 8 9 10 11 12 13 14 15 16 17 18 19 ]
