n = 20 ; 
T = 96 ; 
Init = [ 0 0 0 1 1 1 0 0 0 0 1 1 1 1 1 0 0 0 0 0 ]
L = [ 15 8 8 15 15 15 5 5 16 16 5 8 8 8 8 12 12 12 7 7 ]
l = [ 15 8 8 15 15 15 5 5 16 16 5 8 8 8 8 12 12 12 7 7 ]
Pmin = [ 238 114 114 240 240 240 65 65 246 246 44 107 107 107 107 185 185 185 72 72 ]
Pmax = [ 317 152 152 320 320 320 86 86 329 329 58 143 143 143 143 247 247 247 96 96 ]
cf = [ 35.236 58.1245 58.1245 42.4661 42.4661 42.4661 51.2547 51.2547 55.0472 55.0472 22.8431 18.1928 18.1928 18.1928 18.1928 59.6164 59.6164 59.6164 48.3194 48.3194 ]
c0 = [ 214 128 128 216 216 216 102 102 231 231 65 119 119 119 119 178 178 178 92 92 ]
cp = [ 20.6605 34.5994 34.5994 12.0662 12.0662 12.0662 39.3772 39.3772 18.058 18.058 40.6155 21.8307 21.8307 21.8307 21.8307 29.394 29.394 29.394 38.0096 38.0096 ]
D = [ 1012 1096 1252 1285 1416 1479 1630 1660 1683 1857 1897 1998 2160 2145 2376 2365 2420 2532 2607 2773 2838 2963 2978 3111 3159 3090 3030 2770 2617 2487 2390 2276 2139 1947 1934 1970 2199 2379 2513 2674 2777 2633 2418 2206 1955 1721 1407 1279 993 1116 1257 1352 1389 1404 1639 1681 1732 1827 2026 2019 2075 2152 2375 2454 2506 2574 2757 2733 2813 3012 3124 3198 3310 3134 2994 2776 2774 2622 2494 2270 2147 2066 1844 2155 2326 2575 2676 2963 3056 2792 2511 2257 1977 1667 1398 1235 ]
K = 9
nk = [ 1 2 2 3 3 3 4 4 5 5 6 7 7 7 7 8 8 8 9 9 ]
First = [ 1 1 0 1 0 0 1 0 1 0 1 1 0 0 0 1 0 0 1 0 ]
Last = [ 1 0 1 0 0 1 0 1 0 1 1 0 0 0 1 0 0 1 0 1 ]
nS = 1
S = [ 0 1 2 3 4 5 6 7 8 9 10 11 12 13 14 15 16 17 18 19 ]
