n = 20 ; 
T = 96 ; 
Init = [ 1 1 1 1 1 1 1 1 0 0 1 1 1 1 1 1 0 0 0 0 ]
L = [ 13 13 9 9 9 9 9 9 18 18 13 13 13 13 13 13 9 9 9 9 ]
l = [ 13 13 9 9 9 9 9 9 18 18 13 13 13 13 13 13 9 9 9 9 ]
Pmin = [ 206 206 121 121 121 121 121 121 299 299 210 202 202 202 202 202 119 119 119 119 ]
Pmax = [ 275 275 161 161 161 161 161 161 399 399 280 269 269 269 269 269 158 158 158 158 ]
cf = [ 53.2346 53.2346 18.5289 18.5289 18.5289 18.5289 18.5289 18.5289 10.3567 10.3567 16.0829 30.0161 30.0161 30.0161 30.0161 30.0161 44.7721 44.7721 44.7721 44.7721 ]
c0 = [ 196 196 131 131 131 131 131 131 250 250 195 187 187 187 187 187 119 119 119 119 ]
cp = [ 21.5588 21.5588 30.0639 30.0639 30.0639 30.0639 30.0639 30.0639 20.0178 20.0178 31.2215 36.7681 36.7681 36.7681 36.7681 36.7681 20.1272 20.1272 20.1272 20.1272 ]
D = [ 1030 997 1222 1333 1506 1463 1638 1711 1827 2019 2132 2290 2423 2470 2589 2640 2855 3028 2996 3196 3394 3397 3614 3602 3786 3615 3456 3350 3199 3090 2973 2774 2697 2504 2481 2565 2683 2824 3046 3162 3377 2963 2670 2451 2148 1857 1570 1181 958 1096 1216 1218 1336 1488 1661 1808 1983 2095 2120 2242 2470 2610 2699 2735 2946 3000 3100 3378 3437 3615 3705 3770 3961 3861 3707 3478 3369 3175 3056 2855 2672 2548 2406 2521 2731 2942 3078 3154 3351 2983 2834 2548 2378 2009 1815 1547 ]
K = 6
nk = [ 1 1 2 2 2 2 2 2 3 3 4 5 5 5 5 5 6 6 6 6 ]
First = [ 1 0 1 0 0 0 0 0 1 0 1 1 0 0 0 0 1 0 0 0 ]
Last = [ 0 1 0 0 0 0 0 1 0 1 1 0 0 0 0 1 0 0 0 1 ]
nS = 1
S = [ 0 1 2 3 4 5 6 7 8 9 10 11 12 13 14 15 16 17 18 19 ]
