n = 20 ; 
T = 96 ; 
Init = [ 0 0 0 0 0 0 0 1 1 1 1 1 1 1 1 1 1 1 0 0 ]
L = [ 9 9 9 9 9 9 9 7 7 7 7 7 7 17 17 17 17 17 13 13 ]
l = [ 9 9 9 9 9 9 9 7 7 7 7 7 7 17 17 17 17 17 13 13 ]
Pmin = [ 129 129 129 129 129 129 129 94 94 94 94 94 94 271 271 271 271 271 214 214 ]
Pmax = [ 172 172 172 172 172 172 172 126 126 126 126 126 126 361 361 361 361 361 286 286 ]
cf = [ 45.0975 45.0975 45.0975 45.0975 45.0975 45.0975 45.0975 59.5627 59.5627 59.5627 59.5627 59.5627 59.5627 55.4255 55.4255 55.4255 55.4255 55.4255 55.9777 55.9777 ]
c0 = [ 145 145 145 145 145 145 145 112 112 112 112 112 112 248 248 248 248 248 184 184 ]
cp = [ 31.2401 31.2401 31.2401 31.2401 31.2401 31.2401 31.2401 37.6897 37.6897 37.6897 37.6897 37.6897 37.6897 11.5442 11.5442 11.5442 11.5442 11.5442 26.9605 26.9605 ]
D = [ 1080 1156 1202 1389 1442 1572 1624 1717 1835 2063 2048 2143 2365 2371 2515 2583 2717 2792 2942 2961 3073 3143 3383 3403 3477 3362 3313 3121 3002 2742 2618 2497 2384 2205 2170 2335 2510 2752 2909 3101 3295 3042 2760 2433 2085 1846 1486 1345 1090 1141 1158 1310 1451 1587 1586 1779 1928 1945 1991 2100 2220 2417 2514 2689 2682 2784 2966 2986 3087 3223 3349 3491 3547 3400 3316 3101 3011 2954 2850 2608 2495 2301 2279 2356 2694 2894 3058 3265 3376 3142 2842 2457 2140 1831 1514 1257 ]
K = 4
nk = [ 1 1 1 1 1 1 1 2 2 2 2 2 2 3 3 3 3 3 4 4 ]
First = [ 1 0 0 0 0 0 0 1 0 0 0 0 0 1 0 0 0 0 1 0 ]
Last = [ 0 0 0 0 0 0 1 0 0 0 0 0 1 0 0 0 0 1 0 1 ]
nS = 1
S = [ 0 1 2 3 4 5 6 7 8 9 10 11 12 13 14 15 16 17 18 19 ]
