n = 20 ; 
T = 96 ; 
Init = [ 1 1 1 1 1 0 0 0 0 0 0 0 0 1 0 0 0 0 0 0 ]
L = [ 17 17 17 17 17 18 18 18 18 18 18 14 14 5 16 17 17 17 17 6 ]
l = [ 17 17 17 17 17 18 18 18 18 18 18 14 14 5 16 17 17 17 17 6 ]
Pmin = [ 288 288 288 288 288 306 306 306 306 306 306 230 230 44 265 268 268 268 283 75 ]
Pmax = [ 384 384 384 384 384 408 408 408 408 408 408 307 307 59 353 357 357 357 378 100 ]
cf = [ 51.2116 51.2116 51.2116 51.2116 51.2116 34.3136 34.3136 34.3136 34.3136 34.3136 34.3136 31.5223 31.5223 65.3538 35.6773 56.9657 56.9657 56.9657 9.45613 59.2622 ]
c0 = [ 250 250 250 250 250 250 250 250 250 250 250 219 219 74 248 249 249 249 248 98 ]
cp = [ 15.0826 15.0826 15.0826 15.0826 15.0826 12.2906 12.2906 12.2906 12.2906 12.2906 12.2906 20.4309 20.4309 40.3903 21.2303 13.1889 13.1889 13.1889 16.9959 38.1237 ]
D = [ 1856 2051 2384 2410 2550 2706 3099 3164 3307 3571 3506 3743 4075 4230 4184 4324 4595 4761 4799 5155 5143 5440 5706 5631 6008 5633 5507 5254 4964 4592 4375 4201 3859 3534 3221 3729 3991 4225 4634 4874 5209 4876 4398 3833 3489 3080 2490 2253 1691 1768 2019 2304 2238 2497 2754 2855 2881 3224 3246 3485 3776 3971 4137 4050 4319 4390 4580 4970 5019 5099 5323 5418 5641 5404 5144 4985 4601 4490 4203 4052 3850 3648 3337 3752 3936 4287 4637 4958 5485 4913 4528 4125 3580 3195 2816 2373 ]
K = 8
nk = [ 1 1 1 1 1 2 2 2 2 2 2 3 3 4 5 6 6 6 7 8 ]
First = [ 1 0 0 0 0 1 0 0 0 0 0 1 0 1 1 1 0 0 1 1 ]
Last = [ 0 0 0 0 1 0 0 0 0 0 1 0 1 1 1 0 0 1 1 1 ]
nS = 1
S = [ 0 1 2 3 4 5 6 7 8 9 10 11 12 13 14 15 16 17 18 19 ]
