n = 20 ; 
T = 96 ; 
Init = [ 0 0 0 0 0 0 0 0 0 0 0 0 0 1 1 1 1 1 1 1 ]
L = [ 4 4 4 4 4 12 12 12 12 12 12 12 12 12 12 12 9 9 9 9 ]
l = [ 4 4 4 4 4 12 12 12 12 12 12 12 12 12 12 12 9 9 9 9 ]
Pmin = [ 39 39 39 39 39 171 171 171 171 171 171 171 171 184 184 184 119 119 119 119 ]
Pmax = [ 51 51 51 51 51 228 228 228 228 228 228 228 228 245 245 245 158 158 158 158 ]
cf = [ 65.9688 65.9688 65.9688 65.9688 65.9688 12.7788 12.7788 12.7788 12.7788 12.7788 12.7788 12.7788 12.7788 59.4866 59.4866 59.4866 35.6429 35.6429 35.6429 35.6429 ]
c0 = [ 70 70 70 70 70 176 176 176 176 176 176 176 176 177 177 177 126 126 126 126 ]
cp = [ 41.6348 41.6348 41.6348 41.6348 41.6348 28.4608 28.4608 28.4608 28.4608 28.4608 28.4608 28.4608 28.4608 16.7104 16.7104 16.7104 38.2075 38.2075 38.2075 38.2075 ]
D = [ 979 1035 1183 1294 1262 1387 1533 1522 1612 1705 1882 1911 1946 2055 2097 2293 2360 2338 2433 2627 2592 2690 2814 2849 2984 2779 2657 2636 2395 2356 2186 2059 1994 1751 1653 1893 1976 2087 2235 2462 2584 2297 2079 1899 1638 1380 1177 900 727 805 874 1004 1089 1130 1285 1323 1461 1481 1583 1746 1796 1848 1940 2086 2131 2297 2411 2407 2593 2627 2738 2765 2834 2837 2671 2580 2379 2385 2219 2131 1986 1934 1746 1869 2040 2190 2397 2615 2693 2506 2251 2020 1793 1539 1224 951 ]
K = 4
nk = [ 1 1 1 1 1 2 2 2 2 2 2 2 2 3 3 3 4 4 4 4 ]
First = [ 1 0 0 0 0 1 0 0 0 0 0 0 0 1 0 0 1 0 0 0 ]
Last = [ 0 0 0 0 1 0 0 0 0 0 0 0 1 0 0 1 0 0 0 1 ]
nS = 1
S = [ 0 1 2 3 4 5 6 7 8 9 10 11 12 13 14 15 16 17 18 19 ]
