n = 20 ; 
T = 96 ; 
Init = [ 1 1 1 1 0 0 0 0 0 1 0 0 0 0 1 1 1 1 1 0 ]
L = [ 11 11 11 11 6 6 6 6 6 17 11 11 11 11 13 13 13 13 13 11 ]
l = [ 11 11 11 11 6 6 6 6 6 17 11 11 11 11 13 13 13 13 13 11 ]
Pmin = [ 164 164 164 164 48 48 48 48 48 273 156 156 156 156 204 204 204 204 204 165 ]
Pmax = [ 218 218 218 218 64 64 64 64 64 364 208 208 208 208 271 271 271 271 271 220 ]
cf = [ 68.9693 68.9693 68.9693 68.9693 63.9202 63.9202 63.9202 63.9202 63.9202 8.86713 45.187 45.187 45.187 45.187 53.9508 53.9508 53.9508 53.9508 53.9508 48.5473 ]
c0 = [ 142 142 142 142 92 92 92 92 92 250 153 153 153 153 194 194 194 194 194 165 ]
cp = [ 22.431 22.431 22.431 22.431 37.879 37.879 37.879 37.879 37.879 21.6791 28.578 28.578 28.578 28.578 32.6324 32.6324 32.6324 32.6324 32.6324 22.1437 ]
D = [ 1176 1210 1307 1514 1530 1572 1770 1774 1836 1967 1993 2200 2235 2329 2413 2529 2518 2641 2811 2800 2915 3016 3129 3109 3267 3162 2955 2882 2859 2632 2614 2408 2287 2121 2036 2280 2346 2491 2652 2853 3042 2727 2474 2197 1890 1634 1387 1141 894 964 1095 1320 1302 1480 1644 1677 1798 1876 2067 2141 2254 2374 2516 2617 2740 2767 2901 2969 3160 3275 3294 3488 3457 3372 3171 2961 2792 2659 2558 2332 2160 2082 1814 2033 2224 2369 2671 2875 2990 2771 2496 2329 1962 1720 1545 1194 ]
K = 6
nk = [ 1 1 1 1 2 2 2 2 2 3 4 4 4 4 5 5 5 5 5 6 ]
First = [ 1 0 0 0 1 0 0 0 0 1 1 0 0 0 1 0 0 0 0 1 ]
Last = [ 0 0 0 1 0 0 0 0 1 1 0 0 0 1 0 0 0 0 1 1 ]
nS = 1
S = [ 0 1 2 3 4 5 6 7 8 9 10 11 12 13 14 15 16 17 18 19 ]
