n = 20 ; 
T = 96 ; 
Init = [ 0 0 0 0 0 0 0 0 1 1 1 1 0 0 0 0 0 0 0 1 ]
L = [ 16 16 10 17 17 17 17 17 18 12 12 12 7 7 7 15 17 17 17 12 ]
l = [ 16 16 10 17 17 17 17 17 18 12 12 12 7 7 7 15 17 17 17 12 ]
Pmin = [ 250 250 148 267 267 267 267 267 299 172 172 172 69 69 69 241 258 258 258 174 ]
Pmax = [ 333 333 197 356 356 356 356 356 399 229 229 229 92 92 92 321 344 344 344 232 ]
cf = [ 60.7645 60.7645 11.2518 47.0258 47.0258 47.0258 47.0258 47.0258 21.767 66.6875 66.6875 66.6875 49.8024 49.8024 49.8024 12.4225 64.2175 64.2175 64.2175 28.9017 ]
c0 = [ 224 224 158 246 246 246 246 246 250 151 151 151 97 97 97 227 233 233 233 166 ]
cp = [ 12.0221 12.0221 30.0448 11.0107 11.0107 11.0107 11.0107 11.0107 10.9247 24.9485 24.9485 24.9485 37.3288 37.3288 37.3288 16.0009 17.6488 17.6488 17.6488 21.8098 ]
D = [ 1209 1512 1509 1731 1827 2023 2164 2308 2630 2681 2761 3024 3165 3205 3566 3670 3772 3941 4171 4248 4466 4474 4714 4942 4914 4794 4532 4292 4291 3908 3869 3477 3466 3268 2944 3097 3385 3717 3858 4091 4318 3994 3719 3319 2879 2587 2135 1866 1511 1428 1673 1779 1864 2074 2161 2293 2446 2571 2674 2835 3065 3080 3289 3387 3527 3729 3814 4003 4081 4140 4264 4424 4629 4321 4264 3929 3871 3750 3489 3319 3208 2837 2642 2908 3263 3447 3714 3867 4268 3913 3502 3185 2713 2380 2030 1790 ]
K = 9
nk = [ 1 1 2 3 3 3 3 3 4 5 5 5 6 6 6 7 8 8 8 9 ]
First = [ 1 0 1 1 0 0 0 0 1 1 0 0 1 0 0 1 1 0 0 1 ]
Last = [ 0 1 1 0 0 0 0 1 1 0 0 1 0 0 1 1 0 0 1 1 ]
nS = 1
S = [ 0 1 2 3 4 5 6 7 8 9 10 11 12 13 14 15 16 17 18 19 ]
