n = 20 ; 
T = 96 ; 
Init = [ 0 0 0 0 0 1 1 1 1 1 1 1 1 1 1 1 1 1 1 0 ]
L = [ 9 9 18 18 18 7 7 9 9 9 9 18 18 18 11 11 11 11 17 8 ]
l = [ 9 9 18 18 18 7 7 9 9 9 9 18 18 18 11 11 11 11 17 8 ]
Pmin = [ 115 115 299 299 299 68 68 124 124 124 124 295 295 295 158 158 158 158 279 106 ]
Pmax = [ 153 153 398 398 398 90 90 165 165 165 165 393 393 393 211 211 211 211 372 141 ]
cf = [ 31.6779 31.6779 42.9677 42.9677 42.9677 16.1697 16.1697 36.6328 36.6328 36.6328 36.6328 57.6665 57.6665 57.6665 57.6896 57.6896 57.6896 57.6896 30.9044 30.055 ]
c0 = [ 123 123 250 250 250 99 99 122 122 122 122 248 248 248 161 161 161 161 235 106 ]
cp = [ 34.7011 34.7011 13.0725 13.0725 13.0725 40.3059 40.3059 24.3615 24.3615 24.3615 24.3615 10.7959 10.7959 10.7959 22.0934 22.0934 22.0934 22.0934 25.2168 24.2171 ]
D = [ 1180 1152 1359 1560 1593 1664 1794 1862 2045 2239 2371 2360 2470 2600 2768 2811 3062 3127 3146 3294 3499 3549 3608 3769 3956 3733 3637 3382 3231 3193 2943 2938 2755 2594 2479 2537 2853 2882 3085 3273 3377 3157 2972 2631 2423 2093 1874 1604 1393 1523 1585 1793 1784 1939 2147 2253 2311 2472 2546 2596 2793 2946 2943 3189 3175 3379 3360 3585 3672 3771 3856 4072 4214 4006 3817 3617 3433 3213 3085 2867 2855 2672 2545 2614 2872 3239 3297 3691 3907 3568 3151 2897 2594 2252 1932 1694 ]
K = 8
nk = [ 1 1 2 2 2 3 3 4 4 4 4 5 5 5 6 6 6 6 7 8 ]
First = [ 1 0 1 0 0 1 0 1 0 0 0 1 0 0 1 0 0 0 1 1 ]
Last = [ 0 1 0 0 1 0 1 0 0 0 1 0 0 1 0 0 0 1 1 1 ]
nS = 1
S = [ 0 1 2 3 4 5 6 7 8 9 10 11 12 13 14 15 16 17 18 19 ]
