n = 20 ; 
T = 96 ; 
Init = [ 0 0 0 0 0 1 1 1 0 0 0 0 0 0 0 0 0 0 0 0 ]
L = [ 10 10 10 10 10 12 12 4 16 16 16 16 16 16 16 16 16 16 10 10 ]
l = [ 10 10 10 10 10 12 12 4 16 16 16 16 16 16 16 16 16 16 10 10 ]
Pmin = [ 146 146 146 146 146 187 187 24 252 252 252 252 252 252 252 252 252 252 129 129 ]
Pmax = [ 194 194 194 194 194 250 250 32 336 336 336 336 336 336 336 336 336 336 172 172 ]
cf = [ 48.6447 48.6447 48.6447 48.6447 48.6447 49.0679 49.0679 15.2252 25.0128 25.0128 25.0128 25.0128 25.0128 25.0128 25.0128 25.0128 25.0128 25.0128 48.0351 48.0351 ]
c0 = [ 146 146 146 146 146 179 179 72 231 231 231 231 231 231 231 231 231 231 137 137 ]
cp = [ 26.4541 26.4541 26.4541 26.4541 26.4541 20.0392 20.0392 41.7368 18.5583 18.5583 18.5583 18.5583 18.5583 18.5583 18.5583 18.5583 18.5583 18.5583 26.8163 26.8163 ]
D = [ 1026 1326 1402 1583 1678 1818 1901 1997 2234 2349 2522 2489 2757 2852 2967 3111 3184 3239 3383 3673 3797 3932 4071 4108 4197 4124 3932 3751 3511 3452 3248 3009 2911 2654 2467 2690 3007 3129 3319 3536 3643 3395 2967 2732 2450 2215 1787 1657 1336 1357 1543 1689 1896 1861 2146 2254 2394 2401 2581 2841 2830 3046 3230 3363 3374 3588 3642 3908 3989 4102 4173 4314 4502 4197 3991 3937 3748 3522 3354 3082 2953 2629 2580 2713 2827 3118 3226 3555 3721 3394 3162 2912 2460 2279 2029 1664 ]
K = 5
nk = [ 1 1 1 1 1 2 2 3 4 4 4 4 4 4 4 4 4 4 5 5 ]
First = [ 1 0 0 0 0 1 0 1 1 0 0 0 0 0 0 0 0 0 1 0 ]
Last = [ 0 0 0 0 1 0 1 1 0 0 0 0 0 0 0 0 0 1 0 1 ]
nS = 1
S = [ 0 1 2 3 4 5 6 7 8 9 10 11 12 13 14 15 16 17 18 19 ]
