n = 20 ; 
T = 96 ; 
Init = [ 1 0 0 0 0 0 1 1 1 1 1 0 0 1 1 1 1 0 0 0 ]
L = [ 13 18 18 18 18 18 10 10 10 10 10 6 6 8 8 12 12 9 9 9 ]
l = [ 13 18 18 18 18 18 10 10 10 10 10 6 6 8 8 12 12 9 9 9 ]
Pmin = [ 191 293 293 293 293 293 144 144 144 144 144 74 74 117 117 192 192 130 130 130 ]
Pmax = [ 255 391 391 391 391 391 192 192 192 192 192 99 99 156 156 256 256 173 173 173 ]
cf = [ 32.9426 57.8201 57.8201 57.8201 57.8201 57.8201 59.4171 59.4171 59.4171 59.4171 59.4171 45.6912 45.6912 40.9943 40.9943 41.0998 41.0998 40.301 40.301 40.301 ]
c0 = [ 170 250 250 250 250 250 168 168 168 168 168 99 99 133 133 185 185 144 144 144 ]
cp = [ 19.9025 11.6428 11.6428 11.6428 11.6428 11.6428 28.996 28.996 28.996 28.996 28.996 37.3001 37.3001 28.3447 28.3447 27.0624 27.0624 37.6609 37.6609 37.6609 ]
D = [ 1319 1526 1715 1809 1914 1959 2023 2202 2252 2464 2440 2679 2700 2766 2846 2986 3102 3276 3317 3431 3555 3602 3867 3954 4051 3861 3735 3483 3350 3153 3086 2866 2767 2593 2359 2611 2729 2994 3128 3376 3556 3283 3011 2640 2514 2213 1873 1566 1337 1483 1579 1794 1789 1984 2041 2190 2293 2481 2506 2598 2715 2799 3006 3008 3223 3297 3476 3501 3575 3842 3824 4056 4067 3914 3704 3667 3485 3328 3094 2851 2725 2659 2328 2649 2854 3033 3199 3391 3643 3393 3047 2787 2316 2062 1876 1506 ]
K = 7
nk = [ 1 2 2 2 2 2 3 3 3 3 3 4 4 5 5 6 6 7 7 7 ]
First = [ 1 1 0 0 0 0 1 0 0 0 0 1 0 1 0 1 0 1 0 0 ]
Last = [ 1 0 0 0 0 1 0 0 0 0 1 0 1 0 1 0 1 0 0 1 ]
nS = 1
S = [ 0 1 2 3 4 5 6 7 8 9 10 11 12 13 14 15 16 17 18 19 ]
