n = 20 ; 
T = 96 ; 
Init = [ 1 1 1 1 0 0 0 0 0 1 1 1 1 1 1 1 1 0 0 0 ]
L = [ 10 10 10 10 5 5 5 5 5 18 18 18 5 5 5 5 8 16 16 16 ]
l = [ 10 10 10 10 5 5 5 5 5 18 18 18 5 5 5 5 8 16 16 16 ]
Pmin = [ 141 141 141 141 44 44 44 44 44 299 299 299 67 67 67 67 106 260 260 260 ]
Pmax = [ 188 188 188 188 59 59 59 59 59 399 399 399 89 89 89 89 142 346 346 346 ]
cf = [ 69.6452 69.6452 69.6452 69.6452 35.2396 35.2396 35.2396 35.2396 35.2396 52.5111 52.5111 52.5111 41.0138 41.0138 41.0138 41.0138 69.2034 29.8263 29.8263 29.8263 ]
c0 = [ 160 160 160 160 73 73 73 73 73 250 250 250 97 97 97 97 121 230 230 230 ]
cp = [ 30.234 30.234 30.234 30.234 38.2991 38.2991 38.2991 38.2991 38.2991 10.5457 10.5457 10.5457 41.1726 41.1726 41.1726 41.1726 32.0263 15.404 15.404 15.404 ]
D = [ 1061 1169 1265 1307 1401 1523 1583 1745 1757 1940 2020 2088 2156 2207 2396 2393 2459 2540 2692 2871 2955 2966 3006 3152 3192 3074 2916 2765 2657 2570 2330 2158 2087 2002 1781 2001 2084 2271 2411 2565 2692 2445 2201 1930 1794 1495 1279 967 746 963 1005 1084 1138 1326 1444 1556 1650 1743 1780 1934 1952 2066 2159 2372 2331 2435 2631 2725 2815 2819 3008 3029 3200 3089 2964 2841 2734 2522 2544 2389 2295 2108 1933 2197 2199 2446 2571 2719 2808 2485 2301 2073 1764 1575 1309 1012 ]
K = 6
nk = [ 1 1 1 1 2 2 2 2 2 3 3 3 4 4 4 4 5 6 6 6 ]
First = [ 1 0 0 0 1 0 0 0 0 1 0 0 1 0 0 0 1 1 0 0 ]
Last = [ 0 0 0 1 0 0 0 0 1 0 0 1 0 0 0 1 1 0 0 1 ]
nS = 1
S = [ 0 1 2 3 4 5 6 7 8 9 10 11 12 13 14 15 16 17 18 19 ]
