n = 20 ; 
T = 96 ; 
Init = [ 0 0 0 0 0 0 0 0 0 0 0 0 0 0 0 0 0 0 0 0 ]
L = [ 7 7 7 13 13 13 14 14 14 14 14 14 14 14 14 14 14 14 14 14 ]
l = [ 7 7 7 13 13 13 14 14 14 14 14 14 14 14 14 14 14 14 14 14 ]
Pmin = [ 82 82 82 216 216 216 222 222 222 222 222 222 200 200 200 216 216 216 216 216 ]
Pmax = [ 109 109 109 289 289 289 297 297 297 297 297 297 267 267 267 288 288 288 288 288 ]
cf = [ 28.0839 28.0839 28.0839 67.1935 67.1935 67.1935 48.5572 48.5572 48.5572 48.5572 48.5572 48.5572 28.5882 28.5882 28.5882 32.8228 32.8228 32.8228 32.8228 32.8228 ]
c0 = [ 101 101 101 191 191 191 196 196 196 196 196 196 174 174 174 207 207 207 207 207 ]
cp = [ 34.2618 34.2618 34.2618 18.79 18.79 18.79 20.3992 20.3992 20.3992 20.3992 20.3992 20.3992 15.8505 15.8505 15.8505 28.6395 28.6395 28.6395 28.6395 28.6395 ]
D = [ 1049 1196 1297 1517 1592 1791 1786 1990 2127 2264 2483 2523 2686 2795 2862 3189 3322 3432 3523 3700 3804 3932 3957 4258 4320 4056 4079 3797 3682 3445 3323 3288 3062 2905 2747 2783 3012 3245 3350 3580 3606 3336 3015 2820 2524 2134 1922 1623 1295 1439 1527 1692 1812 1988 2199 2243 2459 2588 2567 2787 2919 2981 3060 3263 3477 3623 3690 3721 4050 4008 4246 4270 4520 4215 3997 3955 3688 3525 3304 3172 2813 2758 2450 2743 2978 3204 3618 3728 3951 3605 3401 3016 2600 2343 1821 1487 ]
K = 5
nk = [ 1 1 1 2 2 2 3 3 3 3 3 3 4 4 4 5 5 5 5 5 ]
First = [ 1 0 0 1 0 0 1 0 0 0 0 0 1 0 0 1 0 0 0 0 ]
Last = [ 0 0 1 0 0 1 0 0 0 0 0 1 0 0 1 0 0 0 0 1 ]
nS = 1
S = [ 0 1 2 3 4 5 6 7 8 9 10 11 12 13 14 15 16 17 18 19 ]
