n = 20 ; 
T = 96 ; 
Init = [ 1 1 1 1 1 1 1 1 1 0 1 1 0 0 0 0 0 0 0 0 ]
L = [ 6 6 6 6 6 19 19 19 19 9 6 6 16 16 16 16 8 8 8 8 ]
l = [ 6 6 6 6 6 19 19 19 19 9 6 6 16 16 16 16 8 8 8 8 ]
Pmin = [ 57 57 57 57 57 303 303 303 303 125 62 62 275 275 275 275 98 98 98 98 ]
Pmax = [ 75 75 75 75 75 404 404 404 404 167 82 82 367 367 367 367 131 131 131 131 ]
cf = [ 53.5473 53.5473 53.5473 53.5473 53.5473 30.3463 30.3463 30.3463 30.3463 24.4357 42.9792 42.9792 37.0033 37.0033 37.0033 37.0033 69.0728 69.0728 69.0728 69.0728 ]
c0 = [ 75 75 75 75 75 249 249 249 249 126 72 72 242 242 242 242 116 116 116 116 ]
cp = [ 41.0198 41.0198 41.0198 41.0198 41.0198 11.9545 11.9545 11.9545 11.9545 37.6042 41.3196 41.3196 17.1648 17.1648 17.1648 17.1648 32.1295 32.1295 32.1295 32.1295 ]
D = [ 986 1102 1294 1362 1549 1509 1672 1796 1912 2126 2233 2265 2372 2601 2697 2703 2869 3063 3085 3196 3291 3468 3639 3783 3756 3716 3436 3298 3144 2901 2845 2708 2462 2307 2119 2292 2500 2706 2884 2918 3220 2957 2645 2506 2181 1848 1596 1491 1233 1326 1413 1489 1475 1595 1690 1777 2013 1970 2155 2236 2350 2358 2470 2613 2622 2763 2858 3028 3110 3147 3245 3419 3456 3299 3238 3121 2932 2843 2689 2521 2428 2265 2076 2387 2591 2741 3042 3214 3397 3105 2750 2440 2232 1892 1629 1333 ]
K = 6
nk = [ 1 1 1 1 1 2 2 2 2 3 4 4 5 5 5 5 6 6 6 6 ]
First = [ 1 0 0 0 0 1 0 0 0 1 1 0 1 0 0 0 1 0 0 0 ]
Last = [ 0 0 0 0 1 0 0 0 1 1 0 1 0 0 0 1 0 0 0 1 ]
nS = 1
S = [ 0 1 2 3 4 5 6 7 8 9 10 11 12 13 14 15 16 17 18 19 ]
