n = 20 ; 
T = 96 ; 
Init = [ 0 0 0 0 0 0 0 0 0 0 0 1 1 1 1 1 1 1 1 1 ]
L = [ 13 13 13 13 13 13 13 19 19 19 19 13 13 13 13 13 13 13 16 16 ]
l = [ 13 13 13 13 13 13 13 19 19 19 19 13 13 13 13 13 13 13 16 16 ]
Pmin = [ 210 210 210 210 210 210 210 311 311 311 311 209 209 209 209 209 209 209 267 267 ]
Pmax = [ 281 281 281 281 281 281 281 414 414 414 414 278 278 278 278 278 278 278 356 356 ]
cf = [ 67.0172 67.0172 67.0172 67.0172 67.0172 67.0172 67.0172 31.4519 31.4519 31.4519 31.4519 31.6364 31.6364 31.6364 31.6364 31.6364 31.6364 31.6364 57.8459 57.8459 ]
c0 = [ 198 198 198 198 198 198 198 250 250 250 250 205 205 205 205 205 205 205 234 234 ]
cp = [ 21.1611 21.1611 21.1611 21.1611 21.1611 21.1611 21.1611 13.157 13.157 13.157 13.157 22.5388 22.5388 22.5388 22.5388 22.5388 22.5388 22.5388 18.3074 18.3074 ]
D = [ 1305 1443 1544 1752 1939 2093 2245 2540 2695 2701 2983 3254 3434 3556 3734 3743 3917 4240 4376 4528 4759 4747 4887 5245 5419 5206 4966 4520 4331 4144 3880 3775 3558 3227 2910 3194 3582 3732 4143 4267 4506 4140 3729 3340 2929 2527 2230 1825 1370 1688 1748 1880 2189 2285 2458 2560 2874 2922 3289 3252 3465 3613 3964 4076 4132 4356 4706 4785 4984 5082 5387 5572 5761 5364 5255 4818 4638 4482 4174 3932 3666 3242 2956 3355 3634 3877 4202 4368 4735 4307 3820 3532 3076 2512 2161 1836 ]
K = 4
nk = [ 1 1 1 1 1 1 1 2 2 2 2 3 3 3 3 3 3 3 4 4 ]
First = [ 1 0 0 0 0 0 0 1 0 0 0 1 0 0 0 0 0 0 1 0 ]
Last = [ 0 0 0 0 0 0 1 0 0 0 1 0 0 0 0 0 0 1 0 1 ]
nS = 1
S = [ 0 1 2 3 4 5 6 7 8 9 10 11 12 13 14 15 16 17 18 19 ]
