n = 20 ; 
T = 96 ; 
Init = [ 0 0 0 0 0 0 0 0 0 1 1 1 0 0 0 0 0 0 0 0 ]
L = [ 4 4 4 4 14 14 14 14 14 8 8 8 15 15 6 6 6 6 18 18 ]
l = [ 4 4 4 4 14 14 14 14 14 8 8 8 15 15 6 6 6 6 18 18 ]
Pmin = [ 29 29 29 29 215 215 215 215 215 110 110 110 214 214 70 70 70 70 288 288 ]
Pmax = [ 39 39 39 39 287 287 287 287 287 147 147 147 286 286 93 93 93 93 384 384 ]
cf = [ 63.7121 63.7121 63.7121 63.7121 67.3182 67.3182 67.3182 67.3182 67.3182 66.8533 66.8533 66.8533 21.2121 21.2121 62.1737 62.1737 62.1737 62.1737 16.6215 16.6215 ]
c0 = [ 64 64 64 64 196 196 196 196 196 118 118 118 207 207 92 92 92 92 249 249 ]
cp = [ 41.6955 41.6955 41.6955 41.6955 26.7208 26.7208 26.7208 26.7208 26.7208 36.4625 36.4625 36.4625 26.5339 26.5339 35.4592 35.4592 35.4592 35.4592 14.5411 14.5411 ]
D = [ 1036 1167 1245 1309 1405 1479 1557 1662 1734 1853 1906 2020 2095 2154 2293 2307 2428 2511 2625 2744 2790 2834 3031 3103 3110 3081 2907 2823 2592 2592 2393 2286 2180 1971 1841 2029 2241 2387 2593 2640 2817 2576 2386 2137 1868 1579 1407 1021 869 863 1088 1136 1231 1347 1439 1509 1551 1661 1750 1859 1964 2080 2091 2180 2343 2390 2495 2669 2779 2738 2893 2967 3006 2963 2781 2711 2566 2450 2293 2157 2090 1915 1883 1956 2242 2346 2546 2632 2902 2704 2411 2149 1974 1749 1482 1226 ]
K = 6
nk = [ 1 1 1 1 2 2 2 2 2 3 3 3 4 4 5 5 5 5 6 6 ]
First = [ 1 0 0 0 1 0 0 0 0 1 0 0 1 0 1 0 0 0 1 0 ]
Last = [ 0 0 0 1 0 0 0 0 1 0 0 1 0 1 0 0 0 1 0 1 ]
nS = 1
S = [ 0 1 2 3 4 5 6 7 8 9 10 11 12 13 14 15 16 17 18 19 ]
