n = 20 ; 
T = 96 ; 
Init = [ 1 1 1 1 1 1 1 1 1 1 0 0 1 1 1 1 0 0 0 0 ]
L = [ 16 16 16 16 16 16 10 10 10 10 17 17 17 17 9 9 12 12 12 12 ]
l = [ 16 16 16 16 16 16 10 10 10 10 17 17 17 17 9 9 12 12 12 12 ]
Pmin = [ 266 266 266 266 266 266 146 146 146 146 266 266 280 280 125 125 180 180 180 180 ]
Pmax = [ 355 355 355 355 355 355 195 195 195 195 354 354 373 373 167 167 239 239 239 239 ]
cf = [ 45.964 45.964 45.964 45.964 45.964 45.964 32.185 32.185 32.185 32.185 67.3655 67.3655 45.5007 45.5007 46.3072 46.3072 28.4088 28.4088 28.4088 28.4088 ]
c0 = [ 235 235 235 235 235 235 151 151 151 151 229 229 240 240 138 138 160 160 160 160 ]
cp = [ 21.8306 21.8306 21.8306 21.8306 21.8306 21.8306 18.8732 18.8732 18.8732 18.8732 10.3829 10.3829 17.8845 17.8845 24.5873 24.5873 27.2575 27.2575 27.2575 27.2575 ]
D = [ 1401 1615 1698 1882 1983 2049 2246 2523 2490 2834 2888 3016 3097 3209 3490 3519 3882 3905 4073 4140 4424 4511 4651 4787 4934 4836 4571 4243 4133 3831 3475 3357 3119 2922 2612 2835 3290 3537 3888 4159 4374 4017 3654 3414 3019 2561 2426 2018 1585 1802 1849 1938 2120 2298 2507 2618 2671 2767 2871 2957 3201 3249 3285 3497 3617 3871 3793 4115 4114 4354 4388 4488 4700 4353 4347 4017 3963 3613 3436 3440 3184 2932 2901 3163 3423 3710 3959 4149 4410 4000 3740 3255 2996 2649 2253 1990 ]
K = 6
nk = [ 1 1 1 1 1 1 2 2 2 2 3 3 4 4 5 5 6 6 6 6 ]
First = [ 1 0 0 0 0 0 1 0 0 0 1 0 1 0 1 0 1 0 0 0 ]
Last = [ 0 0 0 0 0 1 0 0 0 1 0 1 0 1 0 1 0 0 0 1 ]
nS = 1
S = [ 0 1 2 3 4 5 6 7 8 9 10 11 12 13 14 15 16 17 18 19 ]
