n = 20 ; 
T = 96 ; 
Init = [ 1 1 1 1 1 1 1 0 0 0 0 0 0 0 0 0 0 0 0 0 ]
L = [ 13 13 13 6 6 6 6 19 16 16 13 13 13 14 15 15 15 15 17 17 ]
l = [ 13 13 13 6 6 6 6 19 16 16 13 13 13 14 15 15 15 15 17 17 ]
Pmin = [ 202 202 202 64 64 64 64 315 260 260 209 209 209 229 239 239 239 239 270 270 ]
Pmax = [ 270 270 270 85 85 85 85 420 347 347 278 278 278 305 318 318 318 318 359 359 ]
cf = [ 18.2027 18.2027 18.2027 19.3136 19.3136 19.3136 19.3136 20.5234 17.4856 17.4856 37.32 37.32 37.32 15.9044 52.2341 52.2341 52.2341 52.2341 53.3976 53.3976 ]
c0 = [ 201 201 201 107 107 107 107 250 234 234 183 183 183 216 223 223 223 223 235 235 ]
cp = [ 34.1508 34.1508 34.1508 40.1452 40.1452 40.1452 40.1452 18.8458 17.0584 17.0584 29.3155 29.3155 29.3155 26.4905 32.3572 32.3572 32.3572 32.3572 17.8677 17.8677 ]
D = [ 1420 1588 1772 1949 2104 2170 2363 2306 2592 2560 2786 2999 3091 3106 3311 3356 3532 3578 3835 3896 4050 4147 4229 4454 4472 4299 4171 4022 3737 3705 3420 3197 2992 2765 2593 2851 3215 3544 3621 3929 4100 3919 3524 3304 2797 2482 2181 1940 1566 1759 1911 2032 2066 2252 2488 2457 2758 2739 2902 3161 3153 3325 3481 3553 3767 3766 3976 4118 4262 4360 4534 4687 4810 4491 4430 4131 3832 3730 3342 3234 2976 2822 2485 2819 2980 3222 3607 3720 4024 3609 3232 2995 2618 2264 1750 1452 ]
K = 8
nk = [ 1 1 1 2 2 2 2 3 4 4 5 5 5 6 7 7 7 7 8 8 ]
First = [ 1 0 0 1 0 0 0 1 1 0 1 0 0 1 1 0 0 0 1 0 ]
Last = [ 0 0 1 0 0 0 1 1 0 1 0 0 1 1 0 0 0 1 0 1 ]
nS = 1
S = [ 0 1 2 3 4 5 6 7 8 9 10 11 12 13 14 15 16 17 18 19 ]
