n = 20 ; 
T = 96 ; 
Init = [ 1 1 1 0 0 0 0 0 0 0 0 0 0 0 0 0 0 0 0 0 ]
L = [ 19 19 19 17 17 17 17 17 17 17 17 17 15 15 15 15 15 15 15 15 ]
l = [ 19 19 19 17 17 17 17 17 17 17 17 17 15 15 15 15 15 15 15 15 ]
Pmin = [ 298 298 298 269 269 269 269 269 269 269 269 269 247 247 247 247 247 247 247 247 ]
Pmax = [ 397 397 397 358 358 358 358 358 358 358 358 358 329 329 329 329 329 329 329 329 ]
cf = [ 48.5729 48.5729 48.5729 15.812 15.812 15.812 15.812 15.812 15.812 15.812 15.812 15.812 23.3104 23.3104 23.3104 23.3104 23.3104 23.3104 23.3104 23.3104 ]
c0 = [ 250 250 250 247 247 247 247 247 247 247 247 247 216 216 216 216 216 216 216 216 ]
cp = [ 11.0346 11.0346 11.0346 16.0227 16.0227 16.0227 16.0227 16.0227 16.0227 16.0227 16.0227 16.0227 20.3802 20.3802 20.3802 20.3802 20.3802 20.3802 20.3802 20.3802 ]
D = [ 2046 2213 2375 2603 2612 2681 2960 3105 3207 3521 3612 3769 3894 3965 4152 4401 4337 4488 4796 4813 5063 5272 5480 5393 5746 5549 5387 5068 4707 4505 4398 4258 4072 3694 3632 3814 4147 4442 4899 5184 5359 4954 4443 4072 3588 3112 2558 2141 1411 1759 2021 2213 2320 2465 2780 2887 3127 3224 3346 3694 3648 3926 4017 4240 4385 4734 4825 5059 5390 5322 5565 5915 6067 5661 5585 5108 4927 4686 4363 4181 4101 3571 3394 3748 3972 4156 4429 4706 5081 4595 4057 3786 3110 2757 2241 1804 ]
K = 3
nk = [ 1 1 1 2 2 2 2 2 2 2 2 2 3 3 3 3 3 3 3 3 ]
First = [ 1 0 0 1 0 0 0 0 0 0 0 0 1 0 0 0 0 0 0 0 ]
Last = [ 0 0 1 0 0 0 0 0 0 0 0 1 0 0 0 0 0 0 0 1 ]
nS = 1
S = [ 0 1 2 3 4 5 6 7 8 9 10 11 12 13 14 15 16 17 18 19 ]
