n = 20 ; 
T = 96 ; 
Init = [ 0 0 0 1 1 1 1 1 0 0 0 0 0 0 0 0 0 0 1 1 ]
L = [ 4 4 4 18 18 18 18 18 17 17 17 17 17 16 16 5 5 19 12 12 ]
l = [ 4 4 4 18 18 18 18 18 17 17 17 17 17 16 16 5 5 19 12 12 ]
Pmin = [ 39 39 39 284 284 284 284 284 275 275 275 275 275 248 248 29 29 298 186 186 ]
Pmax = [ 51 51 51 378 378 378 378 378 366 366 366 366 366 331 331 38 38 397 247 247 ]
cf = [ 19.4665 19.4665 19.4665 53.1053 53.1053 53.1053 53.1053 53.1053 68.6029 68.6029 68.6029 68.6029 68.6029 30.768 30.768 65.5799 65.5799 16.5971 49.939 49.939 ]
c0 = [ 69 69 69 241 241 241 241 241 228 228 228 228 228 223 223 50 50 250 190 190 ]
cp = [ 41.4086 41.4086 41.4086 12.3836 12.3836 12.3836 12.3836 12.3836 11.2957 11.2957 11.2957 11.2957 11.2957 14.3925 14.3925 35.9409 35.9409 16.5084 29.2823 29.2823 ]
D = [ 1425 1503 1688 1910 1915 2167 2173 2516 2602 2695 2940 3075 3065 3253 3514 3533 3737 3957 4052 4063 4364 4427 4537 4698 4939 4681 4520 4152 4119 3844 3611 3399 3057 2862 2725 2916 3281 3457 3624 3928 4052 3730 3436 3037 2756 2357 2050 1608 1310 1410 1542 1807 1744 1946 2177 2277 2464 2481 2676 2667 2764 2914 3033 3291 3371 3559 3705 3813 3838 3935 4113 4309 4450 4232 4149 3979 3755 3629 3367 3100 2947 2908 2558 2861 3103 3503 3777 3858 4146 3863 3403 3037 2774 2306 1849 1538 ]
K = 7
nk = [ 1 1 1 2 2 2 2 2 3 3 3 3 3 4 4 5 5 6 7 7 ]
First = [ 1 0 0 1 0 0 0 0 1 0 0 0 0 1 0 1 0 1 1 0 ]
Last = [ 0 0 1 0 0 0 0 1 0 0 0 0 1 0 1 0 1 1 0 1 ]
nS = 1
S = [ 0 1 2 3 4 5 6 7 8 9 10 11 12 13 14 15 16 17 18 19 ]
