n = 20 ; 
T = 96 ; 
Init = [ 1 1 1 0 0 0 1 1 1 0 0 0 0 0 0 0 0 0 0 1 ]
L = [ 5 5 5 17 17 17 15 15 15 10 10 10 10 10 15 15 15 15 15 8 ]
l = [ 5 5 5 17 17 17 15 15 15 10 10 10 10 10 15 15 15 15 15 8 ]
Pmin = [ 46 46 46 265 265 265 235 235 235 142 142 142 142 142 242 242 242 242 242 106 ]
Pmax = [ 61 61 61 353 353 353 314 314 314 189 189 189 189 189 322 322 322 322 322 142 ]
cf = [ 13.2684 13.2684 13.2684 33.3351 33.3351 33.3351 50.8269 50.8269 50.8269 28.1634 28.1634 28.1634 28.1634 28.1634 41.3106 41.3106 41.3106 41.3106 41.3106 32.7582 ]
c0 = [ 73 73 73 238 238 238 213 213 213 141 141 141 141 141 215 215 215 215 215 122 ]
cp = [ 40.8259 40.8259 40.8259 14.6317 14.6317 14.6317 26.0348 26.0348 26.0348 25.482 25.482 25.482 25.482 25.482 18.3927 18.3927 18.3927 18.3927 18.3927 35.0368 ]
D = [ 1098 1204 1460 1612 1662 1841 1778 1890 2124 2186 2338 2350 2557 2749 2685 2970 3092 3127 3166 3427 3401 3642 3673 3747 3824 3808 3667 3578 3267 3258 3072 2876 2859 2620 2462 2705 2857 3042 3283 3553 3687 3268 3127 2654 2313 1995 1692 1360 1121 1187 1347 1454 1710 1723 1851 2041 2200 2269 2384 2636 2684 2854 3069 3114 3338 3442 3432 3553 3832 3861 3957 4234 4276 4031 3903 3754 3444 3290 3207 2945 2725 2475 2383 2471 2676 2959 3105 3337 3557 3243 2958 2651 2375 2173 1974 1790 ]
K = 6
nk = [ 1 1 1 2 2 2 3 3 3 4 4 4 4 4 5 5 5 5 5 6 ]
First = [ 1 0 0 1 0 0 1 0 0 1 0 0 0 0 1 0 0 0 0 1 ]
Last = [ 0 0 1 0 0 1 0 0 1 0 0 0 0 1 0 0 0 0 1 1 ]
nS = 1
S = [ 0 1 2 3 4 5 6 7 8 9 10 11 12 13 14 15 16 17 18 19 ]
