n = 20 ; 
T = 96 ; 
Init = [ 1 1 1 1 1 1 0 0 0 0 0 1 1 1 1 1 1 1 1 1 ]
L = [ 10 19 19 19 19 19 6 6 6 6 6 10 10 11 11 11 11 11 11 8 ]
l = [ 10 19 19 19 19 19 6 6 6 6 6 10 10 11 11 11 11 11 11 8 ]
Pmin = [ 128 313 313 313 313 313 60 60 60 60 60 164 164 156 156 156 156 156 156 85 ]
Pmax = [ 170 417 417 417 417 417 80 80 80 80 80 218 218 209 209 209 209 209 209 113 ]
cf = [ 46.2877 12.7701 12.7701 12.7701 12.7701 12.7701 16.4013 16.4013 16.4013 16.4013 16.4013 68.4692 68.4692 19.1599 19.1599 19.1599 19.1599 19.1599 19.1599 49.4678 ]
c0 = [ 140 250 250 250 250 250 71 71 71 71 71 170 170 173 173 173 173 173 173 95 ]
cp = [ 31.1802 14.8743 14.8743 14.8743 14.8743 14.8743 38.6916 38.6916 38.6916 38.6916 38.6916 24.6368 24.6368 32.7169 32.7169 32.7169 32.7169 32.7169 32.7169 27.1323 ]
D = [ 1190 1351 1384 1511 1586 1814 1959 1939 2177 2290 2309 2455 2620 2700 2820 2936 3081 3147 3307 3324 3474 3493 3613 3783 3969 3755 3504 3340 3190 3126 2839 2737 2543 2357 2269 2371 2454 2732 2880 2910 3189 2840 2679 2429 2227 1895 1648 1479 1144 1390 1343 1573 1562 1701 1773 2048 2072 2214 2288 2475 2523 2538 2648 2813 2993 2973 3077 3152 3392 3489 3604 3755 3849 3589 3512 3200 3097 2924 2741 2625 2413 2255 2083 2276 2494 2631 2814 2949 3121 2982 2551 2375 1965 1715 1419 1261 ]
K = 6
nk = [ 1 2 2 2 2 2 3 3 3 3 3 4 4 5 5 5 5 5 5 6 ]
First = [ 1 1 0 0 0 0 1 0 0 0 0 1 0 1 0 0 0 0 0 1 ]
Last = [ 1 0 0 0 0 1 0 0 0 0 1 0 1 0 0 0 0 0 1 1 ]
nS = 1
S = [ 0 1 2 3 4 5 6 7 8 9 10 11 12 13 14 15 16 17 18 19 ]
