n = 20 ; 
T = 96 ; 
Init = [ 0 0 1 1 1 0 0 0 0 1 1 0 1 0 0 0 0 0 1 1 ]
L = [ 15 18 13 13 8 7 7 7 7 13 13 14 12 5 5 5 7 8 18 18 ]
l = [ 15 18 13 13 8 7 7 7 7 13 13 14 12 5 5 5 7 8 18 18 ]
Pmin = [ 251 279 202 202 99 75 75 75 75 188 188 201 191 66 66 66 96 108 293 293 ]
Pmax = [ 334 372 269 269 132 100 100 100 100 251 251 269 255 89 89 89 128 143 391 391 ]
cf = [ 52.5495 35.7177 41.1938 41.1938 36.2227 54.6421 54.6421 54.6421 54.6421 49.0313 49.0313 28.4562 22.3363 9.0794 9.0794 9.0794 18.7037 43.8364 15.2879 15.2879 ]
c0 = [ 212 248 190 190 107 98 98 98 98 178 178 204 185 89 89 89 122 118 250 250 ]
cp = [ 20.1965 17.7725 22.3028 22.3028 36.7517 31.5038 31.5038 31.5038 31.5038 17.697 17.697 24.9009 24.2412 37.4868 37.4868 37.4868 30.5175 34.1556 13.5116 13.5116 ]
D = [ 1105 1194 1244 1428 1453 1521 1670 1816 1899 1870 2064 2132 2214 2392 2425 2533 2611 2735 2758 2823 2986 3022 3253 3219 3418 3309 3175 3047 2824 2845 2575 2574 2422 2271 2192 2232 2481 2552 2807 2877 2989 2773 2578 2272 1974 1716 1422 1271 997 1074 1120 1292 1355 1394 1629 1669 1724 1912 2086 2111 2176 2414 2380 2541 2727 2787 2917 2984 3110 3197 3391 3521 3575 3458 3197 3054 3016 2854 2709 2557 2362 2155 2065 2315 2363 2559 2740 2899 3175 2791 2564 2330 1910 1705 1358 1179 ]
K = 12
nk = [ 1 2 3 3 4 5 5 5 5 6 6 7 8 9 9 9 10 11 12 12 ]
First = [ 1 1 1 0 1 1 0 0 0 1 0 1 1 1 0 0 1 1 1 0 ]
Last = [ 1 1 0 1 1 0 0 0 1 0 1 1 1 0 0 1 1 1 0 1 ]
nS = 1
S = [ 0 1 2 3 4 5 6 7 8 9 10 11 12 13 14 15 16 17 18 19 ]
