n = 20 ; 
T = 96 ; 
Init = [ 1 1 1 1 1 1 0 0 0 0 0 0 1 1 1 1 1 0 0 0 ]
L = [ 15 15 10 10 10 10 9 9 9 9 4 4 13 12 12 12 12 10 10 6 ]
l = [ 15 15 10 10 10 10 9 9 9 9 4 4 13 12 12 12 12 10 10 6 ]
Pmin = [ 230 230 151 151 151 151 120 120 120 120 36 36 205 164 164 164 164 137 137 80 ]
Pmax = [ 306 306 201 201 201 201 160 160 160 160 48 48 274 219 219 219 219 183 183 107 ]
cf = [ 45.3081 45.3081 69.2851 69.2851 69.2851 69.2851 55.6991 55.6991 55.6991 55.6991 38.0111 38.0111 44.986 10.1468 10.1468 10.1468 10.1468 30.1751 30.1751 24.1873 ]
c0 = [ 189 189 149 149 149 149 139 139 139 139 82 82 208 165 165 165 165 128 128 83 ]
cp = [ 21.5844 21.5844 31.5053 31.5053 31.5053 31.5053 24.4728 24.4728 24.4728 24.4728 41.065 41.065 30.5797 29.0193 29.0193 29.0193 29.0193 30.7014 30.7014 33.495 ]
D = [ 806 878 998 1048 1141 1306 1458 1457 1590 1699 1866 1916 2073 2225 2287 2370 2436 2510 2620 2741 2859 3004 3085 3253 3267 3254 3079 2898 2705 2615 2467 2369 2093 1961 1807 1944 2147 2313 2343 2574 2592 2478 2145 2009 1790 1564 1254 1146 837 984 1108 1153 1270 1358 1507 1527 1765 1809 1850 1949 2135 2183 2355 2426 2525 2646 2756 2816 2981 3030 3247 3261 3377 3299 3018 2942 2696 2546 2429 2292 2183 1932 1885 1973 2193 2374 2528 2727 2847 2643 2392 2147 1885 1549 1270 1001 ]
K = 8
nk = [ 1 1 2 2 2 2 3 3 3 3 4 4 5 6 6 6 6 7 7 8 ]
First = [ 1 0 1 0 0 0 1 0 0 0 1 0 1 1 0 0 0 1 0 1 ]
Last = [ 0 1 0 0 0 1 0 0 0 1 0 1 1 0 0 0 1 0 1 1 ]
nS = 1
S = [ 0 1 2 3 4 5 6 7 8 9 10 11 12 13 14 15 16 17 18 19 ]
