n = 20 ; 
T = 96 ; 
Init = [ 0 0 0 0 0 0 0 0 0 0 0 0 1 1 1 1 1 1 1 1 ]
L = [ 5 5 5 17 17 17 17 17 17 17 17 17 7 7 7 7 7 7 7 7 ]
l = [ 5 5 5 17 17 17 17 17 17 17 17 17 7 7 7 7 7 7 7 7 ]
Pmin = [ 53 53 53 270 270 270 270 270 270 270 270 270 98 98 98 98 98 98 98 98 ]
Pmax = [ 70 70 70 360 360 360 360 360 360 360 360 360 131 131 131 131 131 131 131 131 ]
cf = [ 17.9532 17.9532 17.9532 47.208 47.208 47.208 24.8187 24.8187 24.8187 24.8187 24.8187 24.8187 30.1281 30.1281 30.1281 30.1281 30.1281 30.1281 30.1281 30.1281 ]
c0 = [ 87 87 87 236 236 236 250 250 250 250 250 250 125 125 125 125 125 125 125 125 ]
cp = [ 38.2387 38.2387 38.2387 17.7942 17.7942 17.7942 15.0403 15.0403 15.0403 15.0403 15.0403 15.0403 36.5145 36.5145 36.5145 36.5145 36.5145 36.5145 36.5145 36.5145 ]
D = [ 1027 1082 1255 1248 1477 1535 1611 1743 1918 2009 2078 2220 2244 2482 2590 2616 2766 2879 3064 3163 3159 3236 3433 3448 3635 3437 3299 3218 3057 2871 2739 2554 2492 2243 2121 2372 2627 2845 3118 3257 3456 3154 2971 2550 2377 2011 1685 1372 1143 1170 1382 1334 1551 1652 1771 1772 1889 2151 2240 2256 2365 2479 2703 2804 2964 2920 3173 3158 3418 3376 3495 3695 3814 3657 3532 3258 3262 2966 2895 2785 2583 2430 2158 2407 2588 2848 2985 3169 3397 3026 2810 2550 2179 1894 1621 1296 ]
K = 4
nk = [ 1 1 1 2 2 2 3 3 3 3 3 3 4 4 4 4 4 4 4 4 ]
First = [ 1 0 0 1 0 0 1 0 0 0 0 0 1 0 0 0 0 0 0 0 ]
Last = [ 0 0 1 0 0 1 0 0 0 0 0 1 0 0 0 0 0 0 0 1 ]
nS = 1
S = [ 0 1 2 3 4 5 6 7 8 9 10 11 12 13 14 15 16 17 18 19 ]
