n = 20 ; 
T = 96 ; 
Init = [ 0 0 0 0 0 0 1 1 1 1 1 1 1 1 1 1 1 1 1 1 ]
L = [ 8 8 8 8 8 8 7 6 6 6 6 6 6 6 6 6 6 6 14 14 ]
l = [ 8 8 8 8 8 8 7 6 6 6 6 6 6 6 6 6 6 6 14 14 ]
Pmin = [ 88 88 88 88 88 88 90 52 52 52 51 51 51 51 51 51 51 60 228 228 ]
Pmax = [ 117 117 117 117 117 117 120 70 70 70 67 67 67 67 67 67 67 80 305 305 ]
cf = [ 13.615 13.615 13.615 13.615 13.615 13.615 19.67 25.1962 25.1962 25.1962 63.1777 63.1777 63.1777 63.1777 63.1777 63.1777 63.1777 17.5588 45.7661 45.7661 ]
c0 = [ 117 117 117 117 117 117 100 79 79 79 78 78 78 78 78 78 78 75 194 194 ]
cp = [ 35.5307 35.5307 35.5307 35.5307 35.5307 35.5307 36.0223 39.1083 39.1083 39.1083 40.2774 40.2774 40.2774 40.2774 40.2774 40.2774 40.2774 33.6716 25.4192 25.4192 ]
D = [ 585 576 677 750 774 851 829 950 947 1066 1123 1159 1205 1198 1289 1301 1408 1490 1490 1557 1606 1632 1719 1801 1801 1709 1667 1621 1553 1474 1357 1322 1268 1199 1097 1180 1299 1375 1438 1589 1644 1488 1401 1226 1099 962 835 762 551 656 669 722 769 898 955 997 993 1089 1149 1150 1216 1268 1384 1434 1457 1545 1558 1644 1688 1745 1835 1871 1932 1858 1785 1664 1573 1521 1411 1338 1247 1184 1110 1191 1292 1400 1555 1599 1748 1575 1405 1231 1143 948 857 650 ]
K = 6
nk = [ 1 1 1 1 1 1 2 3 3 3 4 4 4 4 4 4 4 5 6 6 ]
First = [ 1 0 0 0 0 0 1 1 0 0 1 0 0 0 0 0 0 1 1 0 ]
Last = [ 0 0 0 0 0 1 1 0 0 1 0 0 0 0 0 0 1 1 0 1 ]
nS = 1
S = [ 0 1 2 3 4 5 6 7 8 9 10 11 12 13 14 15 16 17 18 19 ]
