n = 20 ; 
T = 96 ; 
Init = [ 1 1 1 1 1 1 1 1 1 1 1 1 1 1 1 1 1 1 1 1 ]
L = [ 15 15 15 15 9 9 8 8 7 7 7 7 7 7 7 7 7 10 10 10 ]
l = [ 15 15 15 15 9 9 8 8 7 7 7 7 7 7 7 7 7 10 10 10 ]
Pmin = [ 234 234 234 234 122 122 105 105 81 81 81 81 81 81 81 81 81 138 138 138 ]
Pmax = [ 312 312 312 312 163 163 140 140 107 107 107 107 107 107 107 107 107 184 184 184 ]
cf = [ 55.8433 55.8433 55.8433 55.8433 38.7828 38.7828 16.3534 16.3534 21.5751 21.5751 21.5751 21.5751 21.5751 21.5751 21.5751 21.5751 21.5751 59.8489 59.8489 59.8489 ]
c0 = [ 219 219 219 219 134 134 127 127 100 100 100 100 100 100 100 100 100 141 141 141 ]
cp = [ 18.0626 18.0626 18.0626 18.0626 30.8991 30.8991 34.8995 34.8995 28.4525 28.4525 28.4525 28.4525 28.4525 28.4525 28.4525 28.4525 28.4525 31.5608 31.5608 31.5608 ]
D = [ 921 1066 1120 1127 1258 1407 1476 1571 1537 1617 1794 1809 1901 1987 2098 2215 2307 2309 2364 2489 2628 2718 2683 2784 2921 2721 2615 2585 2389 2361 2212 2103 2003 1962 1778 1976 2114 2165 2376 2398 2583 2379 2094 1914 1579 1459 1180 856 699 769 854 963 1038 1071 1230 1254 1383 1411 1580 1645 1735 1831 1898 2038 2075 2163 2217 2289 2467 2446 2558 2719 2794 2632 2508 2461 2393 2232 2127 2036 1991 1885 1681 1874 2096 2215 2344 2474 2667 2374 2246 1938 1789 1506 1251 1052 ]
K = 5
nk = [ 1 1 1 1 2 2 3 3 4 4 4 4 4 4 4 4 4 5 5 5 ]
First = [ 1 0 0 0 1 0 1 0 1 0 0 0 0 0 0 0 0 1 0 0 ]
Last = [ 0 0 0 1 0 1 0 1 0 0 0 0 0 0 0 0 1 0 0 1 ]
nS = 1
S = [ 0 1 2 3 4 5 6 7 8 9 10 11 12 13 14 15 16 17 18 19 ]
