n = 20 ; 
T = 96 ; 
Init = [ 0 0 0 0 0 0 0 0 0 1 1 1 1 0 0 0 1 1 1 1 ]
L = [ 10 10 10 10 10 18 18 18 18 7 7 7 7 12 12 12 9 9 9 9 ]
l = [ 10 10 10 10 10 18 18 18 18 7 7 7 7 12 12 12 9 9 9 9 ]
Pmin = [ 131 131 131 131 131 297 297 297 297 74 74 74 74 193 193 193 114 114 114 114 ]
Pmax = [ 174 174 174 174 174 395 395 395 395 98 98 98 98 258 258 258 152 152 152 152 ]
cf = [ 18.1827 18.1827 18.1827 18.1827 18.1827 47.148 47.148 47.148 47.148 59.6153 59.6153 59.6153 59.6153 44.567 44.567 44.567 64.3285 64.3285 64.3285 64.3285 ]
c0 = [ 126 126 126 126 126 250 250 250 250 85 85 85 85 182 182 182 131 131 131 131 ]
cp = [ 21.5097 21.5097 21.5097 21.5097 21.5097 13.5432 13.5432 13.5432 13.5432 34.7128 34.7128 34.7128 34.7128 15.6249 15.6249 15.6249 34.6213 34.6213 34.6213 34.6213 ]
D = [ 923 1109 1227 1311 1407 1592 1684 1690 1907 1960 2187 2288 2352 2508 2514 2647 2829 2956 2982 3061 3306 3311 3496 3536 3729 3576 3360 3240 3053 2816 2707 2582 2417 2141 1985 2190 2372 2751 2847 3132 3280 3009 2803 2591 2362 2047 1683 1522 1185 1293 1501 1577 1639 1727 1787 1951 1931 2035 2204 2248 2367 2523 2531 2642 2675 2751 2961 2985 3116 3205 3261 3338 3494 3247 3220 3120 2937 2830 2598 2551 2290 2174 2109 2306 2335 2557 2826 2911 3145 2891 2666 2327 2137 1827 1676 1426 ]
K = 5
nk = [ 1 1 1 1 1 2 2 2 2 3 3 3 3 4 4 4 5 5 5 5 ]
First = [ 1 0 0 0 0 1 0 0 0 1 0 0 0 1 0 0 1 0 0 0 ]
Last = [ 0 0 0 0 1 0 0 0 1 0 0 0 1 0 0 1 0 0 0 1 ]
nS = 1
S = [ 0 1 2 3 4 5 6 7 8 9 10 11 12 13 14 15 16 17 18 19 ]
