n = 20 ; 
T = 96 ; 
Init = [ 0 0 0 1 1 1 1 1 1 1 1 1 1 1 1 1 1 1 0 0 ]
L = [ 11 11 11 12 12 12 12 12 6 6 6 6 6 18 18 18 18 18 13 13 ]
l = [ 11 11 11 12 12 12 12 12 6 6 6 6 6 18 18 18 18 18 13 13 ]
Pmin = [ 146 146 146 191 191 191 191 191 81 81 81 81 81 280 280 280 280 280 198 198 ]
Pmax = [ 195 195 195 254 254 254 254 254 107 107 107 107 107 373 373 373 373 373 264 264 ]
cf = [ 45.9966 45.9966 45.9966 32.6344 32.6344 32.6344 32.6344 32.6344 63.4714 63.4714 63.4714 63.4714 63.4714 22.6933 22.6933 22.6933 22.6933 22.6933 52.9065 52.9065 ]
c0 = [ 142 142 142 187 187 187 187 187 87 87 87 87 87 231 231 231 231 231 199 199 ]
cp = [ 24.7787 24.7787 24.7787 27.378 27.378 27.378 27.378 27.378 32.8698 32.8698 32.8698 32.8698 32.8698 20.7853 20.7853 20.7853 20.7853 20.7853 27.5171 27.5171 ]
D = [ 1056 1123 1421 1408 1692 1670 1918 1970 2042 2165 2309 2587 2643 2726 2973 3108 3115 3237 3375 3581 3739 3813 3865 4141 4259 4088 3746 3711 3424 3324 3136 2918 2753 2542 2372 2538 2735 2859 2948 3086 3395 3053 2895 2495 2297 2065 1670 1540 1209 1340 1465 1550 1722 1813 1995 2068 2163 2318 2418 2494 2671 2762 2857 2982 3175 3232 3489 3607 3581 3706 3893 4093 4089 3916 3838 3601 3448 3232 3010 2798 2782 2563 2314 2568 2729 2951 3347 3481 3735 3369 3096 2664 2456 2157 1727 1399 ]
K = 5
nk = [ 1 1 1 2 2 2 2 2 3 3 3 3 3 4 4 4 4 4 5 5 ]
First = [ 1 0 0 1 0 0 0 0 1 0 0 0 0 1 0 0 0 0 1 0 ]
Last = [ 0 0 1 0 0 0 0 1 0 0 0 0 1 0 0 0 0 1 0 1 ]
nS = 1
S = [ 0 1 2 3 4 5 6 7 8 9 10 11 12 13 14 15 16 17 18 19 ]
