n = 20 ; 
T = 96 ; 
Init = [ 1 1 1 1 1 1 1 1 1 1 1 1 1 1 1 1 1 1 1 1 ]
L = [ 12 15 15 15 15 15 16 16 16 16 12 12 13 13 13 13 13 16 16 16 ]
l = [ 12 15 15 15 15 15 16 16 16 16 12 12 13 13 13 13 13 16 16 16 ]
Pmin = [ 168 236 236 236 236 236 254 254 254 254 182 182 203 203 203 203 203 262 262 262 ]
Pmax = [ 224 315 315 315 315 315 339 339 339 339 243 243 271 271 271 271 271 349 349 349 ]
cf = [ 20.8901 39.5084 39.5084 39.5084 39.5084 39.5084 32.7795 32.7795 32.7795 32.7795 42.7858 42.7858 11.3547 11.3547 11.3547 11.3547 11.3547 48.1708 48.1708 48.1708 ]
c0 = [ 179 210 210 210 210 210 221 221 221 221 184 184 191 191 191 191 191 243 243 243 ]
cp = [ 30.7972 20.5579 20.5579 20.5579 20.5579 20.5579 20.4744 20.4744 20.4744 20.4744 35.9237 35.9237 22.3862 22.3862 22.3862 22.3862 22.3862 23.06 23.06 23.06 ]
D = [ 1250 1434 1575 1675 2043 2231 2234 2432 2595 2878 2955 3018 3316 3568 3679 3884 3973 4041 4378 4523 4601 4891 5016 5237 5202 5114 4979 4674 4404 4256 4028 3826 3450 3195 3165 3181 3379 3616 3902 4095 4204 3869 3668 3377 3126 2624 2369 2039 1792 1858 1913 2120 2277 2494 2657 2649 2865 3051 3136 3322 3463 3598 3774 3944 3916 4078 4392 4351 4633 4736 5008 5111 5282 4935 4629 4424 4287 4093 3762 3550 3277 3099 2950 3138 3482 3558 3836 4009 4370 3993 3614 3134 2749 2402 1949 1633 ]
K = 6
nk = [ 1 2 2 2 2 2 3 3 3 3 4 4 5 5 5 5 5 6 6 6 ]
First = [ 1 1 0 0 0 0 1 0 0 0 1 0 1 0 0 0 0 1 0 0 ]
Last = [ 1 0 0 0 0 1 0 0 0 1 0 1 0 0 0 0 1 0 0 1 ]
nS = 1
S = [ 0 1 2 3 4 5 6 7 8 9 10 11 12 13 14 15 16 17 18 19 ]
