n = 20 ; 
T = 96 ; 
Init = [ 1 1 1 1 1 1 1 0 0 0 0 0 0 0 1 1 1 0 0 0 ]
L = [ 5 5 5 5 8 8 19 10 10 10 10 10 10 10 6 6 6 14 14 14 ]
l = [ 5 5 5 5 8 8 19 10 10 10 10 10 10 10 6 6 6 14 14 14 ]
Pmin = [ 56 56 56 56 105 105 315 160 160 160 160 160 160 160 63 63 63 205 205 205 ]
Pmax = [ 75 75 75 75 139 139 420 214 214 214 214 214 214 214 84 84 84 273 273 273 ]
cf = [ 22.7009 22.7009 22.7009 22.7009 27.026 27.026 20.6435 62.3695 62.3695 62.3695 62.3695 62.3695 62.3695 62.3695 19.6373 19.6373 19.6373 10.6864 10.6864 10.6864 ]
c0 = [ 75 75 75 75 128 128 250 152 152 152 152 152 152 152 88 88 88 189 189 189 ]
cp = [ 39.3375 39.3375 39.3375 39.3375 28.0993 28.0993 14.6181 22.9473 22.9473 22.9473 22.9473 22.9473 22.9473 22.9473 34.6036 34.6036 34.6036 21.1761 21.1761 21.1761 ]
D = [ 804 899 1089 1114 1242 1426 1442 1579 1606 1716 1900 1906 2093 2108 2182 2271 2384 2507 2686 2670 2755 2893 2939 3146 3170 3128 2883 2835 2618 2460 2363 2205 2044 1897 1810 1973 2063 2330 2390 2553 2690 2448 2275 1970 1789 1592 1280 1114 905 868 1071 1161 1161 1314 1327 1452 1505 1642 1747 1793 1839 1954 2080 2097 2262 2397 2398 2556 2610 2684 2754 2845 2985 2770 2715 2649 2390 2386 2224 2154 2025 1836 1768 1838 2001 2287 2395 2523 2716 2468 2324 2103 1882 1634 1484 1198 ]
K = 6
nk = [ 1 1 1 1 2 2 3 4 4 4 4 4 4 4 5 5 5 6 6 6 ]
First = [ 1 0 0 0 1 0 1 1 0 0 0 0 0 0 1 0 0 1 0 0 ]
Last = [ 0 0 0 1 0 1 1 0 0 0 0 0 0 1 0 0 1 0 0 1 ]
nS = 1
S = [ 0 1 2 3 4 5 6 7 8 9 10 11 12 13 14 15 16 17 18 19 ]
