n = 20 ; 
T = 96 ; 
Init = [ 1 1 1 1 1 1 1 1 1 1 1 1 1 0 0 0 0 0 0 0 ]
L = [ 18 18 18 18 18 18 18 15 15 15 15 15 15 17 17 17 17 17 17 17 ]
l = [ 18 18 18 18 18 18 18 15 15 15 15 15 15 17 17 17 17 17 17 17 ]
Pmin = [ 289 289 289 289 289 289 289 254 254 254 254 254 254 289 289 289 288 288 288 288 ]
Pmax = [ 386 386 386 386 386 386 386 338 338 338 338 338 338 386 386 386 384 384 384 384 ]
cf = [ 47.6887 47.6887 47.6887 47.6887 47.6887 47.6887 47.6887 66.7696 66.7696 66.7696 66.7696 66.7696 66.7696 29.7558 29.7558 29.7558 51.1657 51.1657 51.1657 51.1657 ]
c0 = [ 235 235 235 235 235 235 235 220 220 220 220 220 220 250 250 250 250 250 250 250 ]
cp = [ 12.3301 12.3301 12.3301 12.3301 12.3301 12.3301 12.3301 22.6889 22.6889 22.6889 22.6889 22.6889 22.6889 26.7498 26.7498 26.7498 13.0278 13.0278 13.0278 13.0278 ]
D = [ 2242 2195 2610 2658 2979 3088 3099 3510 3445 3854 4082 4242 4294 4542 4530 4894 5088 5141 5257 5484 5743 5855 6034 6421 6561 6052 5965 5684 5380 4996 4817 4457 4142 3897 3404 3817 4089 4312 4656 4977 5130 4826 4430 4056 3520 3228 2738 2512 1914 2342 2242 2415 2757 2970 3138 3096 3429 3534 3772 3861 4069 4131 4497 4636 4751 4850 5147 5064 5468 5496 5577 5794 6033 5880 5371 5343 5114 4663 4411 4401 3916 3696 3693 3945 4334 4597 4939 5198 5401 5088 4542 4357 3940 3299 3087 2620 ]
K = 4
nk = [ 1 1 1 1 1 1 1 2 2 2 2 2 2 3 3 3 4 4 4 4 ]
First = [ 1 0 0 0 0 0 0 1 0 0 0 0 0 1 0 0 1 0 0 0 ]
Last = [ 0 0 0 0 0 0 1 0 0 0 0 0 1 0 0 1 0 0 0 1 ]
nS = 1
S = [ 0 1 2 3 4 5 6 7 8 9 10 11 12 13 14 15 16 17 18 19 ]
