n = 20 ; 
T = 96 ; 
Init = [ 0 1 1 1 1 0 0 0 0 0 0 0 0 0 0 0 0 0 0 0 ]
L = [ 19 5 5 5 5 10 10 10 10 9 9 9 8 8 8 8 5 5 5 5 ]
l = [ 19 5 5 5 5 10 10 10 10 9 9 9 8 8 8 8 5 5 5 5 ]
Pmin = [ 298 47 47 47 47 152 152 152 152 125 125 125 126 126 126 126 49 49 49 49 ]
Pmax = [ 398 62 62 62 62 203 203 203 203 167 167 167 169 169 169 169 66 66 66 66 ]
cf = [ 45.2783 67.1892 67.1892 67.1892 67.1892 13.4507 13.4507 13.4507 13.4507 39.1385 39.1385 39.1385 52.69 52.69 52.69 52.69 57.568 57.568 57.568 57.568 ]
c0 = [ 250 63 63 63 63 164 164 164 164 130 130 130 127 127 127 127 65 65 65 65 ]
cp = [ 11.1545 38.6421 38.6421 38.6421 38.6421 28.2964 28.2964 28.2964 28.2964 33.0649 33.0649 33.0649 22.8933 22.8933 22.8933 22.8933 34.4907 34.4907 34.4907 34.4907 ]
D = [ 788 943 1008 1016 1147 1221 1290 1345 1436 1437 1517 1617 1679 1712 1749 1908 1906 1955 2047 2095 2195 2312 2297 2460 2475 2359 2326 2173 2051 1984 1845 1766 1670 1645 1506 1685 1764 1840 2007 2108 2233 2003 1845 1671 1523 1333 1135 1033 782 937 999 1011 1113 1117 1219 1234 1311 1430 1444 1476 1552 1628 1737 1771 1780 1873 1914 1986 2095 2137 2236 2215 2349 2257 2169 2041 2002 1911 1835 1766 1652 1574 1455 1583 1649 1771 1968 2048 2111 1946 1798 1562 1410 1193 928 839 ]
K = 6
nk = [ 1 2 2 2 2 3 3 3 3 4 4 4 5 5 5 5 6 6 6 6 ]
First = [ 1 1 0 0 0 1 0 0 0 1 0 0 1 0 0 0 1 0 0 0 ]
Last = [ 1 0 0 0 1 0 0 0 1 0 0 1 0 0 0 1 0 0 0 1 ]
nS = 1
S = [ 0 1 2 3 4 5 6 7 8 9 10 11 12 13 14 15 16 17 18 19 ]
