n = 20 ; 
T = 96 ; 
Init = [ 1 1 1 0 0 0 0 1 1 1 1 0 0 0 0 1 1 1 0 0 ]
L = [ 18 18 18 10 10 9 9 14 14 14 9 10 10 10 10 15 15 15 7 7 ]
l = [ 18 18 18 10 10 9 9 14 14 14 9 10 10 10 10 15 15 15 7 7 ]
Pmin = [ 280 280 280 145 145 138 138 212 212 212 121 152 152 152 152 228 228 228 80 80 ]
Pmax = [ 373 373 373 194 194 184 184 283 283 283 161 203 203 203 203 303 303 303 106 106 ]
cf = [ 44 44 44 15.5832 15.5832 41.31 41.31 42.8926 42.8926 42.8926 10.0566 28.8513 28.8513 28.8513 28.8513 59.6287 59.6287 59.6287 46.633 46.633 ]
c0 = [ 250 250 250 141 141 131 131 208 208 208 124 161 161 161 161 223 223 223 94 94 ]
cp = [ 10.0077 10.0077 10.0077 29.4148 29.4148 26.0615 26.0615 13.397 13.397 13.397 33.6425 26.4699 26.4699 26.4699 26.4699 21.8101 21.8101 21.8101 36.2309 36.2309 ]
D = [ 969 1176 1288 1349 1566 1669 1648 1779 1961 2137 2167 2407 2484 2668 2706 2952 3024 3179 3310 3421 3417 3580 3778 3799 4081 3870 3620 3540 3462 3215 3051 2878 2712 2533 2487 2604 2978 3168 3289 3526 3765 3421 3208 2836 2548 2055 1803 1461 1172 1323 1350 1477 1729 1832 1845 2007 2103 2293 2446 2520 2628 2863 2893 3156 3286 3326 3410 3531 3694 3935 3911 4109 4242 4083 3830 3729 3548 3228 3060 2930 2823 2550 2416 2638 2739 3081 3141 3400 3608 3353 3025 2681 2337 2101 1696 1352 ]
K = 8
nk = [ 1 1 1 2 2 3 3 4 4 4 5 6 6 6 6 7 7 7 8 8 ]
First = [ 1 0 0 1 0 1 0 1 0 0 1 1 0 0 0 1 0 0 1 0 ]
Last = [ 0 0 1 0 1 0 1 0 0 1 1 0 0 0 1 0 0 1 0 1 ]
nS = 1
S = [ 0 1 2 3 4 5 6 7 8 9 10 11 12 13 14 15 16 17 18 19 ]
