n = 20 ; 
T = 24 ; 
Init = [ 1 1 0 0 0 0 0 0 0 0 0 1 0 0 0 0 0 1 0 0 ]
L = [ 2 2 2 2 2 5 5 5 5 5 5 5 3 3 8 8 8 10 10 10 ]
l = [ 2 2 2 2 2 5 5 5 5 5 5 5 3 3 8 8 8 10 10 10 ]
Pmin = [ 22 22 22 22 22 43 43 43 43 43 43 47 33 33 77 77 77 100 100 100 ]
Pmax = [ 67 67 57 57 57 170 170 170 170 170 170 182 92 92 316 316 316 420 420 420 ]
cf = [ 30.9732 30.9732 11.2925 11.2925 11.2925 18.9899 18.9899 18.9899 18.9899 18.9899 18.9899 30.6378 20.9449 20.9449 59.0115 59.0115 59.0115 27.2966 56.3791 56.3791 ]
c0 = [ 81 81 69 70 71 122 124 125 128 131 135 128 109 110 212 214 217 251 251 254 ]
cp = [ 35.6902 35.6902 40.3527 40.3527 40.3527 26.353 26.353 26.353 26.353 26.353 26.353 25.4162 36.4505 36.4505 18.7552 18.7552 18.7552 8.16839 10.1602 10.1602 ]
D = [ 1193 1384 1456 1759 1873 2059 2248 2470 2675 2893 3091 3234 3530 3135 2928 2585 2251 1916 2275 2484 2754 2412 1938 1467 ]
K = 8
nk = [ 1 1 2 2 2 3 3 3 3 3 3 4 5 5 6 6 6 7 8 8 ]
First = [ 1 0 1 0 0 1 0 0 0 0 0 1 1 0 1 0 0 1 1 0 ]
Last = [ 0 1 0 0 1 0 0 0 0 0 1 1 0 1 0 0 1 1 0 1 ]
nS = 1
S = [ 0 0 0 0 0 0 0 0 0 0 0 0 0 0 0 0 0 0 0 0 ]
