n = 20 ; 
T = 48 ; 
Init = [ 1 1 1 1 1 1 0 0 0 1 1 1 1 1 1 1 1 1 1 1 ]
L = [ 7 7 7 7 7 7 4 4 4 7 7 7 7 7 7 6 3 2 2 2 ]
l = [ 7 7 7 7 7 7 4 4 4 7 7 7 7 7 7 6 3 2 2 2 ]
Pmin = [ 81 81 81 81 81 81 34 34 34 78 78 78 78 78 78 64 22 12 12 12 ]
Pmax = [ 317 317 317 317 317 317 120 120 120 285 285 285 285 285 285 238 73 29 29 29 ]
cf = [ 47.1839 47.1839 47.1839 47.1839 47.1839 47.1839 39.918 39.918 39.918 14.2077 14.2077 14.2077 14.2077 14.2077 14.2077 13.5816 65.1667 51.8476 51.8476 51.8476 ]
c0 = [ 211 213 216 220 226 232 110 111 113 206 208 211 215 220 226 168 68 43 43 44 ]
cp = [ 21.542 21.542 21.542 21.542 21.542 21.542 32.393 32.393 32.393 19.4336 19.4336 19.4336 19.4336 19.4336 19.4336 19.2171 38.2815 41.6963 41.6963 41.6963 ]
D = [ 1193 1354 1680 1766 2142 2312 2552 2733 3007 3245 3394 3631 3917 3598 3158 2826 2567 2190 2568 2981 3325 2832 2326 1725 1299 1507 1705 1906 2040 2275 2452 2532 2781 2914 3218 3306 3537 3211 3068 2661 2393 2066 2517 2814 3117 2613 2235 1742 ]
K = 6
nk = [ 1 1 1 1 1 1 2 2 2 3 3 3 3 3 3 4 5 6 6 6 ]
First = [ 1 0 0 0 0 0 1 0 0 1 0 0 0 0 0 1 1 1 0 0 ]
Last = [ 0 0 0 0 0 1 0 0 1 0 0 0 0 0 1 1 1 0 0 1 ]
nS = 1
S = [ 0 0 0 0 0 0 0 0 0 0 0 0 0 0 0 0 0 0 0 0 ]
