n = 20 ; 
T = 48 ; 
Init = [ 1 1 1 1 1 1 1 1 1 1 1 1 1 1 1 1 1 1 1 1 ]
L = [ 3 3 3 8 6 6 6 6 6 6 3 8 8 5 5 5 5 6 6 4 ]
l = [ 3 3 3 8 6 6 6 6 6 6 3 8 8 5 5 5 5 6 6 4 ]
Pmin = [ 24 24 24 83 61 61 61 61 61 61 28 98 98 52 52 52 52 59 59 38 ]
Pmax = [ 87 87 87 341 244 244 244 244 244 244 90 374 374 196 196 196 196 238 238 132 ]
cf = [ 35.5568 35.5568 35.5568 29.0847 34.1791 34.1791 34.1791 34.1791 34.1791 34.1791 18.6961 30.384 30.384 45.5667 45.5667 45.5667 45.5667 47.5088 47.5088 55.0375 ]
c0 = [ 73 74 75 215 159 161 163 166 170 175 89 251 254 143 144 146 149 154 156 119 ]
cp = [ 35.9652 35.9652 35.9652 22.1037 21.5945 21.5945 21.5945 21.5945 21.5945 21.5945 38.6589 13.4406 13.4406 27.8409 27.8409 27.8409 27.8409 26.255 26.255 38.4414 ]
D = [ 1026 1230 1419 1620 1955 2107 2343 2488 2827 3020 3197 3405 3603 3281 2959 2779 2351 2022 2438 2668 3035 2598 2105 1569 1250 1428 1545 1771 2096 2198 2372 2635 2929 3034 3248 3520 3759 3468 3054 2777 2470 2181 2592 2898 3348 2760 2205 1594 ]
K = 8
nk = [ 1 1 1 2 3 3 3 3 3 3 4 5 5 6 6 6 6 7 7 8 ]
First = [ 1 0 0 1 1 0 0 0 0 0 1 1 0 1 0 0 0 1 0 1 ]
Last = [ 0 0 1 1 0 0 0 0 0 1 1 0 1 0 0 0 1 0 1 1 ]
nS = 1
S = [ 0 0 0 0 0 0 0 0 0 0 0 0 0 0 0 0 0 0 0 0 ]
