n = 20 ; 
T = 48 ; 
Init = [ 0 0 1 1 1 1 1 1 1 0 0 0 0 1 1 1 1 1 1 1 ]
L = [ 4 4 5 5 3 3 3 3 3 5 5 5 5 2 2 2 2 2 2 7 ]
l = [ 4 4 5 5 3 3 3 3 3 5 5 5 5 2 2 2 2 2 2 7 ]
Pmin = [ 31 31 45 45 21 21 21 21 21 53 53 53 53 25 25 25 25 25 25 71 ]
Pmax = [ 108 108 158 158 63 63 63 63 63 215 215 215 215 62 62 62 62 62 62 296 ]
cf = [ 24.4447 24.4447 61.3822 61.3822 34.4818 34.4818 34.4818 34.4818 34.4818 10.0163 10.0163 10.0163 10.0163 18.6889 18.6889 18.6889 18.6889 18.6889 18.6889 48.7234 ]
c0 = [ 92 93 128 130 82 83 84 85 87 150 151 154 157 90 91 93 94 97 99 204 ]
cp = [ 34.2419 34.2419 34.0473 34.0473 32.6152 32.6152 32.6152 32.6152 32.6152 22.8742 22.8742 22.8742 22.8742 39.9408 39.9408 39.9408 39.9408 39.9408 39.9408 21.7889 ]
D = [ 691 748 864 995 1171 1288 1359 1496 1572 1702 1851 1877 2079 1854 1637 1524 1343 1133 1315 1543 1796 1451 1139 795 507 631 744 877 1005 1136 1238 1370 1460 1585 1681 1788 1950 1765 1577 1407 1282 1163 1346 1450 1641 1354 1110 808 ]
K = 6
nk = [ 1 1 2 2 3 3 3 3 3 4 4 4 4 5 5 5 5 5 5 6 ]
First = [ 1 0 1 0 1 0 0 0 0 1 0 0 0 1 0 0 0 0 0 1 ]
Last = [ 0 1 0 1 0 0 0 0 1 0 0 0 1 0 0 0 0 0 1 1 ]
nS = 1
S = [ 0 0 0 0 0 0 0 0 0 0 0 0 0 0 0 0 0 0 0 0 ]
