n = 20 ; 
T = 96 ; 
Init = [ 1 1 1 1 1 0 0 0 0 1 1 1 0 0 0 1 1 1 1 1 ]
L = [ 6 6 6 6 6 7 7 7 7 8 8 9 9 9 9 5 5 5 5 5 ]
l = [ 6 6 6 6 6 7 7 7 7 8 8 9 9 9 9 5 5 5 5 5 ]
Pmin = [ 67 67 67 67 67 76 70 70 70 88 88 100 96 96 96 54 54 54 54 54 ]
Pmax = [ 250 250 250 250 250 281 279 279 279 351 351 420 387 387 387 200 200 200 200 200 ]
cf = [ 45.4932 45.4932 45.4932 45.4932 45.4932 60.0919 69.8238 69.8238 69.8238 55.7979 55.7979 32.0257 35.0232 35.0232 35.0232 62.594 62.594 62.594 62.594 62.594 ]
c0 = [ 191 192 195 199 204 196 196 197 200 222 225 251 251 254 258 150 151 153 156 160 ]
cp = [ 30.1783 30.1783 30.1783 30.1783 30.1783 30.3777 29.4359 29.4359 29.4359 17.698 17.698 17.055 11.4625 11.4625 11.4625 27.0831 27.0831 27.0831 27.0831 27.0831 ]
D = [ 1574 1793 1999 2189 2524 2780 3142 3303 3594 3906 4208 4510 4695 4251 3927 3640 3214 2904 3484 3893 4536 3701 2808 2163 1385 1722 1945 2128 2399 2766 3012 3268 3500 3861 4136 4408 4574 4254 3815 3505 3230 2871 3397 3848 4447 3550 2814 2033 1363 1571 1985 2259 2423 2752 3030 3294 3601 4094 4322 4723 4998 4479 4027 3588 3213 2583 3161 3719 4240 3607 2875 2151 1524 1920 2155 2427 2706 2912 3270 3348 3755 4072 4154 4523 4764 4318 4033 3805 3354 3077 3524 3945 4362 3668 2910 2120 ]
K = 7
nk = [ 1 1 1 1 1 2 3 3 3 4 4 5 6 6 6 7 7 7 7 7 ]
First = [ 1 0 0 0 0 1 1 0 0 1 0 1 1 0 0 1 0 0 0 0 ]
Last = [ 0 0 0 0 1 1 0 0 1 0 1 1 0 0 1 0 0 0 0 1 ]
nS = 1
S = [ 0 0 0 0 0 0 0 0 0 0 0 0 0 0 0 0 0 0 0 0 ]
