n = 20 ; 
T = 96 ; 
Init = [ 0 0 0 0 0 0 0 0 1 1 1 1 1 0 0 0 0 0 1 1 ]
L = [ 2 2 2 2 6 6 5 5 5 5 5 3 3 8 8 8 8 8 5 5 ]
l = [ 2 2 2 2 6 6 5 5 5 5 5 3 3 8 8 8 8 8 5 5 ]
Pmin = [ 17 17 17 17 70 70 48 48 46 46 46 23 23 85 85 85 85 85 57 57 ]
Pmax = [ 39 39 39 39 254 254 181 181 153 153 153 83 83 351 351 351 351 351 197 197 ]
cf = [ 64.3674 64.3674 64.3674 64.3674 15.0699 15.0699 51.5875 51.5875 28.2071 28.2071 28.2071 61.6602 61.6602 62.7913 62.7913 62.7913 62.7913 62.7913 17.9281 17.9281 ]
c0 = [ 70 71 72 74 189 191 135 136 123 124 126 68 68 220 222 226 230 236 149 150 ]
cp = [ 39.4613 39.4613 39.4613 39.4613 26.9947 26.9947 26.9225 26.9225 36.3551 36.3551 36.3551 29.1679 29.1679 26.736 26.736 26.736 26.736 26.736 31.1024 31.1024 ]
D = [ 807 940 1289 1395 1548 1847 1995 2180 2416 2659 2774 3012 3299 2994 2753 2419 2201 1848 2163 2423 2765 2312 1798 1376 1042 1120 1353 1575 1646 1780 2102 2268 2346 2496 2694 2962 3023 2847 2639 2413 2118 1851 2180 2456 2720 2305 1766 1295 955 1114 1325 1430 1646 1903 2057 2231 2483 2627 2856 3083 3249 2959 2762 2372 2105 1915 2241 2566 2913 2559 2041 1589 1014 1229 1415 1666 1748 1997 2118 2415 2472 2726 2928 3088 3225 3014 2700 2519 2226 1940 2323 2519 2913 2349 1923 1531 ]
K = 7
nk = [ 1 1 1 1 2 2 3 3 4 4 4 5 5 6 6 6 6 6 7 7 ]
First = [ 1 0 0 0 1 0 1 0 1 0 0 1 0 1 0 0 0 0 1 0 ]
Last = [ 0 0 0 1 0 1 0 1 0 0 1 0 1 0 0 0 0 1 0 1 ]
nS = 1
S = [ 0 0 0 0 0 0 0 0 0 0 0 0 0 0 0 0 0 0 0 0 ]
