n = 20 ; 
T = 96 ; 
Init = [ 0 0 0 0 0 1 1 1 1 0 0 0 1 1 1 1 1 1 1 1 ]
L = [ 10 10 10 10 10 7 7 7 7 5 5 5 3 3 7 7 7 7 7 7 ]
l = [ 10 10 10 10 10 7 7 7 7 5 5 5 3 3 7 7 7 7 7 7 ]
Pmin = [ 100 100 100 100 100 83 83 83 83 52 52 52 35 35 67 67 67 67 67 67 ]
Pmax = [ 415 415 415 415 415 307 307 307 307 185 185 185 102 102 275 275 275 275 275 275 ]
cf = [ 21.0357 21.0357 21.0357 21.0357 21.0357 30.6343 30.6343 30.6343 30.6343 45.5005 45.5005 45.5005 42.9151 42.9151 21.9514 21.9514 21.9514 21.9514 21.9514 21.9514 ]
c0 = [ 251 254 258 263 269 210 212 215 219 152 154 156 117 118 175 177 179 183 187 192 ]
cp = [ 10.4275 10.4275 10.4275 10.4275 10.4275 33.9569 33.9569 33.9569 33.9569 30.3954 30.3954 30.3954 38.3944 38.3944 23.7655 23.7655 23.7655 23.7655 23.7655 23.7655 ]
D = [ 1530 1761 2093 2447 2720 2841 3299 3378 3781 4001 4233 4520 4873 4443 4031 3642 3112 2631 3268 3676 4021 3251 2658 1916 1247 1415 1937 2243 2478 2858 3171 3487 3830 4184 4407 4704 5022 4720 4327 3855 3328 2962 3323 3906 4455 3524 2752 1982 1412 1507 1941 2280 2569 2754 3001 3343 3514 3978 4109 4534 4666 4332 4085 3700 3192 2922 3381 3879 4623 3900 3181 2260 1574 1916 2226 2385 2646 3008 3170 3558 3879 4097 4368 4638 4928 4462 4161 3846 3281 2971 3390 4023 4489 3658 3060 2322 ]
K = 5
nk = [ 1 1 1 1 1 2 2 2 2 3 3 3 4 4 5 5 5 5 5 5 ]
First = [ 1 0 0 0 0 1 0 0 0 1 0 0 1 0 1 0 0 0 0 0 ]
Last = [ 0 0 0 0 1 0 0 0 1 0 0 1 0 1 0 0 0 0 0 1 ]
nS = 1
S = [ 0 0 0 0 0 0 0 0 0 0 0 0 0 0 0 0 0 0 0 0 ]
