n = 60 ; 
T = 48 ; 
Init = [ 0 0 0 0 0 0 0 0 0 0 0 0 0 0 0 1 1 1 1 1 1 1 1 1 1 1 1 1 1 1 0 0 0 0 0 0 0 0 0 0 0 0 0 0 0 1 1 1 1 1 1 1 1 1 1 1 1 1 1 1 ]
L = [ 17 17 17 17 17 17 17 17 17 17 17 17 17 17 17 15 15 15 15 15 15 15 15 15 15 15 15 15 15 15 17 17 17 17 17 17 17 17 17 17 17 17 17 17 17 18 18 18 18 18 18 18 18 18 18 18 18 18 18 18 ]
l = [ 17 17 17 17 17 17 17 17 17 17 17 17 17 17 17 15 15 15 15 15 15 15 15 15 15 15 15 15 15 15 17 17 17 17 17 17 17 17 17 17 17 17 17 17 17 18 18 18 18 18 18 18 18 18 18 18 18 18 18 18 ]
Pmin = [ 95 95 95 95 95 95 95 95 95 95 95 95 95 95 95 82 82 82 82 82 82 82 82 82 82 82 82 82 82 82 91 91 91 91 91 91 91 91 91 91 91 91 91 91 91 99 99 99 99 99 99 99 99 99 99 99 99 99 99 99 ]
Pmax = [ 376 376 376 376 376 376 376 376 376 376 376 376 376 376 376 307 307 307 307 307 307 307 307 307 307 307 307 307 307 307 358 358 358 358 358 358 358 358 358 358 358 358 358 358 358 397 397 397 397 397 397 397 397 397 397 397 397 397 397 397 ]
cf = [ 58.1612 58.1612 58.1612 58.1612 58.1612 58.1612 58.1612 58.1612 58.1612 58.1612 58.1612 58.1612 58.1612 58.1612 58.1612 52.0111 52.0111 52.0111 52.0111 52.0111 52.0111 52.0111 52.0111 52.0111 52.0111 52.0111 52.0111 52.0111 52.0111 52.0111 23.4298 23.4298 23.4298 23.4298 23.4298 23.4298 23.4298 23.4298 23.4298 23.4298 23.4298 23.4298 23.4298 23.4298 23.4298 42.6894 42.6894 42.6894 42.6894 42.6894 42.6894 42.6894 42.6894 42.6894 42.6894 42.6894 42.6894 42.6894 42.6894 42.6894 ]
c0 = [ 250 250 250 250 250 250 250 250 250 250 250 250 250 250 250 227 227 227 227 227 227 227 227 227 227 227 227 227 227 227 242 242 242 242 242 242 242 242 242 242 242 242 242 242 242 250 250 250 250 250 250 250 250 250 250 250 250 250 250 250 ]
cp = [ 18.8882 18.8882 18.8882 18.8882 18.8882 18.8882 18.8882 18.8882 18.8882 18.8882 18.8882 18.8882 18.8882 18.8882 18.8882 20.8405 20.8405 20.8405 20.8405 20.8405 20.8405 20.8405 20.8405 20.8405 20.8405 20.8405 20.8405 20.8405 20.8405 20.8405 18.4163 18.4163 18.4163 18.4163 18.4163 18.4163 18.4163 18.4163 18.4163 18.4163 18.4163 18.4163 18.4163 18.4163 18.4163 14.3066 14.3066 14.3066 14.3066 14.3066 14.3066 14.3066 14.3066 14.3066 14.3066 14.3066 14.3066 14.3066 14.3066 14.3066 ]
D = [ 4929 5590 6237 6219 6507 7698 8348 8793 9017 9945 10327 10469 10948 12013 11888 12504 12775 13406 14259 14898 15097 15731 16360 16783 17379 16860 16306 15519 15113 14542 13745 12990 12559 11885 11454 12025 12396 13330 13823 14759 15236 13613 12192 11512 9570 8364 6917 5585 ]
K = 4
nk = [ 1 1 1 1 1 1 1 1 1 1 1 1 1 1 1 2 2 2 2 2 2 2 2 2 2 2 2 2 2 2 3 3 3 3 3 3 3 3 3 3 3 3 3 3 3 4 4 4 4 4 4 4 4 4 4 4 4 4 4 4 ]
First = [ 1 0 0 0 0 0 0 0 0 0 0 0 0 0 0 1 0 0 0 0 0 0 0 0 0 0 0 0 0 0 1 0 0 0 0 0 0 0 0 0 0 0 0 0 0 1 0 0 0 0 0 0 0 0 0 0 0 0 0 0 ]
Last = [ 0 0 0 0 0 0 0 0 0 0 0 0 0 0 1 0 0 0 0 0 0 0 0 0 0 0 0 0 0 1 0 0 0 0 0 0 0 0 0 0 0 0 0 0 1 0 0 0 0 0 0 0 0 0 0 0 0 0 0 1 ]
nS = 1
S = [ 0 1 2 3 4 5 6 7 8 9 10 11 12 13 14 15 16 17 18 19 20 21 22 23 24 25 26 27 28 29 30 31 32 33 34 35 36 37 38 39 40 41 42 43 44 45 46 47 48 49 50 51 52 53 54 55 56 57 58 59 ]
