n = 60 ; 
T = 48 ; 
Init = [ 0 0 0 0 0 0 0 0 0 0 0 0 0 0 0 0 0 0 0 0 0 0 0 0 0 0 0 0 0 0 0 0 0 0 0 0 0 0 0 0 0 0 0 0 0 1 1 1 1 1 1 1 1 1 1 1 1 1 1 1 ]
L = [ 12 12 12 12 12 12 12 12 12 12 12 12 12 12 12 11 11 11 11 11 11 11 11 11 11 11 11 11 11 11 14 14 14 14 14 14 14 14 14 14 14 14 14 14 14 13 13 13 13 13 13 13 13 13 13 13 13 13 13 13 ]
l = [ 12 12 12 12 12 12 12 12 12 12 12 12 12 12 12 11 11 11 11 11 11 11 11 11 11 11 11 11 11 11 14 14 14 14 14 14 14 14 14 14 14 14 14 14 14 13 13 13 13 13 13 13 13 13 13 13 13 13 13 13 ]
Pmin = [ 64 64 64 64 64 64 64 64 64 64 64 64 64 64 64 57 57 57 57 57 57 57 57 57 57 57 57 57 57 57 77 77 77 77 77 77 77 77 77 77 77 77 77 77 77 80 80 80 80 80 80 80 80 80 80 80 80 80 80 80 ]
Pmax = [ 262 262 262 262 262 262 262 262 262 262 262 262 262 262 262 195 195 195 195 195 195 195 195 195 195 195 195 195 195 195 292 292 292 292 292 292 292 292 292 292 292 292 292 292 292 294 294 294 294 294 294 294 294 294 294 294 294 294 294 294 ]
cf = [ 43.6789 43.6789 43.6789 43.6789 43.6789 43.6789 43.6789 43.6789 43.6789 43.6789 43.6789 43.6789 43.6789 43.6789 43.6789 42.3379 42.3379 42.3379 42.3379 42.3379 42.3379 42.3379 42.3379 42.3379 42.3379 42.3379 42.3379 42.3379 42.3379 42.3379 62.8357 62.8357 62.8357 62.8357 62.8357 62.8357 62.8357 62.8357 62.8357 62.8357 62.8357 62.8357 62.8357 62.8357 62.8357 38.1662 38.1662 38.1662 38.1662 38.1662 38.1662 38.1662 38.1662 38.1662 38.1662 38.1662 38.1662 38.1662 38.1662 38.1662 ]
c0 = [ 182 182 182 182 182 182 182 182 182 182 182 182 182 182 182 164 164 164 164 164 164 164 164 164 164 164 164 164 164 164 204 204 204 204 204 204 204 204 204 204 204 204 204 204 204 208 208 208 208 208 208 208 208 208 208 208 208 208 208 208 ]
cp = [ 28.3866 28.3866 28.3866 28.3866 28.3866 28.3866 28.3866 28.3866 28.3866 28.3866 28.3866 28.3866 28.3866 28.3866 28.3866 34.214 34.214 34.214 34.214 34.214 34.214 34.214 34.214 34.214 34.214 34.214 34.214 34.214 34.214 34.214 12.5429 12.5429 12.5429 12.5429 12.5429 12.5429 12.5429 12.5429 12.5429 12.5429 12.5429 12.5429 12.5429 12.5429 12.5429 29.7243 29.7243 29.7243 29.7243 29.7243 29.7243 29.7243 29.7243 29.7243 29.7243 29.7243 29.7243 29.7243 29.7243 29.7243 ]
D = [ 4386 4946 5063 5205 5620 6422 6302 6948 7380 7772 7751 8341 9000 9022 9569 9905 9959 10615 10914 11598 11864 12198 12429 12745 12954 12495 11980 11491 11304 10776 10305 9625 9288 8566 8284 9037 9167 10067 10471 11289 11585 10687 9563 8611 7991 7045 6059 4499 ]
K = 4
nk = [ 1 1 1 1 1 1 1 1 1 1 1 1 1 1 1 2 2 2 2 2 2 2 2 2 2 2 2 2 2 2 3 3 3 3 3 3 3 3 3 3 3 3 3 3 3 4 4 4 4 4 4 4 4 4 4 4 4 4 4 4 ]
First = [ 1 0 0 0 0 0 0 0 0 0 0 0 0 0 0 1 0 0 0 0 0 0 0 0 0 0 0 0 0 0 1 0 0 0 0 0 0 0 0 0 0 0 0 0 0 1 0 0 0 0 0 0 0 0 0 0 0 0 0 0 ]
Last = [ 0 0 0 0 0 0 0 0 0 0 0 0 0 0 1 0 0 0 0 0 0 0 0 0 0 0 0 0 0 1 0 0 0 0 0 0 0 0 0 0 0 0 0 0 1 0 0 0 0 0 0 0 0 0 0 0 0 0 0 1 ]
nS = 1
S = [ 0 1 2 3 4 5 6 7 8 9 10 11 12 13 14 15 16 17 18 19 20 21 22 23 24 25 26 27 28 29 30 31 32 33 34 35 36 37 38 39 40 41 42 43 44 45 46 47 48 49 50 51 52 53 54 55 56 57 58 59 ]
