n = 60 ; 
T = 48 ; 
Init = [ 1 1 1 1 1 1 1 1 1 1 1 1 1 1 1 1 1 1 1 1 0 0 0 0 0 0 0 0 0 0 0 0 0 0 0 0 0 0 0 0 0 0 0 0 0 0 0 0 0 0 0 0 0 0 0 0 0 0 0 0 ]
L = [ 14 14 14 14 14 14 14 14 14 14 14 14 14 14 14 14 14 14 14 14 10 10 10 10 10 10 10 10 10 10 10 10 10 10 10 10 10 10 10 10 11 11 11 11 11 11 11 11 11 11 11 11 11 11 11 11 11 11 11 11 ]
l = [ 14 14 14 14 14 14 14 14 14 14 14 14 14 14 14 14 14 14 14 14 10 10 10 10 10 10 10 10 10 10 10 10 10 10 10 10 10 10 10 10 11 11 11 11 11 11 11 11 11 11 11 11 11 11 11 11 11 11 11 11 ]
Pmin = [ 80 80 80 80 80 80 80 80 80 80 80 80 80 80 80 80 80 80 80 80 45 45 45 45 45 45 45 45 45 45 45 45 45 45 45 45 45 45 45 45 63 63 63 63 63 63 63 63 63 63 63 63 63 63 63 63 63 63 63 63 ]
Pmax = [ 304 304 304 304 304 304 304 304 304 304 304 304 304 304 304 304 304 304 304 304 171 171 171 171 171 171 171 171 171 171 171 171 171 171 171 171 171 171 171 171 236 236 236 236 236 236 236 236 236 236 236 236 236 236 236 236 236 236 236 236 ]
cf = [ 67.4387 67.4387 67.4387 67.4387 67.4387 67.4387 67.4387 67.4387 67.4387 67.4387 67.4387 67.4387 67.4387 67.4387 67.4387 67.4387 67.4387 67.4387 67.4387 67.4387 67.9706 67.9706 67.9706 67.9706 67.9706 67.9706 67.9706 67.9706 67.9706 67.9706 67.9706 67.9706 67.9706 67.9706 67.9706 67.9706 67.9706 67.9706 67.9706 67.9706 30.0076 30.0076 30.0076 30.0076 30.0076 30.0076 30.0076 30.0076 30.0076 30.0076 30.0076 30.0076 30.0076 30.0076 30.0076 30.0076 30.0076 30.0076 30.0076 30.0076 ]
c0 = [ 214 214 214 214 214 214 214 214 214 214 214 214 214 214 214 214 214 214 214 214 130 130 130 130 130 130 130 130 130 130 130 130 130 130 130 130 130 130 130 130 163 163 163 163 163 163 163 163 163 163 163 163 163 163 163 163 163 163 163 163 ]
cp = [ 22.4257 22.4257 22.4257 22.4257 22.4257 22.4257 22.4257 22.4257 22.4257 22.4257 22.4257 22.4257 22.4257 22.4257 22.4257 22.4257 22.4257 22.4257 22.4257 22.4257 34.2257 34.2257 34.2257 34.2257 34.2257 34.2257 34.2257 34.2257 34.2257 34.2257 34.2257 34.2257 34.2257 34.2257 34.2257 34.2257 34.2257 34.2257 34.2257 34.2257 29.6961 29.6961 29.6961 29.6961 29.6961 29.6961 29.6961 29.6961 29.6961 29.6961 29.6961 29.6961 29.6961 29.6961 29.6961 29.6961 29.6961 29.6961 29.6961 29.6961 ]
D = [ 3414 4049 4505 4764 5045 5151 5682 6388 6551 6966 7435 7395 8188 8010 8884 9070 9246 9625 10240 10645 10871 11418 11270 12172 12331 11570 11208 10967 10065 9417 9059 8602 8228 7395 6835 7498 8096 8823 9261 10228 10440 9453 8487 7597 6639 5616 5120 3975 ]
K = 3
nk = [ 1 1 1 1 1 1 1 1 1 1 1 1 1 1 1 1 1 1 1 1 2 2 2 2 2 2 2 2 2 2 2 2 2 2 2 2 2 2 2 2 3 3 3 3 3 3 3 3 3 3 3 3 3 3 3 3 3 3 3 3 ]
First = [ 1 0 0 0 0 0 0 0 0 0 0 0 0 0 0 0 0 0 0 0 1 0 0 0 0 0 0 0 0 0 0 0 0 0 0 0 0 0 0 0 1 0 0 0 0 0 0 0 0 0 0 0 0 0 0 0 0 0 0 0 ]
Last = [ 0 0 0 0 0 0 0 0 0 0 0 0 0 0 0 0 0 0 0 1 0 0 0 0 0 0 0 0 0 0 0 0 0 0 0 0 0 0 0 1 0 0 0 0 0 0 0 0 0 0 0 0 0 0 0 0 0 0 0 1 ]
nS = 1
S = [ 0 1 2 3 4 5 6 7 8 9 10 11 12 13 14 15 16 17 18 19 20 21 22 23 24 25 26 27 28 29 30 31 32 33 34 35 36 37 38 39 40 41 42 43 44 45 46 47 48 49 50 51 52 53 54 55 56 57 58 59 ]
