n = 60 ; 
T = 48 ; 
Init = [ 0 0 0 0 0 0 0 0 0 0 0 0 0 0 0 0 0 0 0 0 1 1 1 1 1 1 1 1 1 1 1 1 1 1 1 1 1 1 1 1 1 1 1 1 1 1 1 1 1 1 1 1 1 1 1 1 1 1 1 1 ]
L = [ 14 14 14 14 14 14 14 14 14 14 14 14 14 14 14 14 14 14 14 14 17 17 17 17 17 17 17 17 17 17 17 17 17 17 17 17 17 17 17 17 16 16 16 16 16 16 16 16 16 16 16 16 16 16 16 16 16 16 16 16 ]
l = [ 14 14 14 14 14 14 14 14 14 14 14 14 14 14 14 14 14 14 14 14 17 17 17 17 17 17 17 17 17 17 17 17 17 17 17 17 17 17 17 17 16 16 16 16 16 16 16 16 16 16 16 16 16 16 16 16 16 16 16 16 ]
Pmin = [ 74 74 74 74 74 74 74 74 74 74 74 74 74 74 74 74 74 74 74 74 91 91 91 91 91 91 91 91 91 91 91 91 91 91 91 91 91 91 91 91 91 91 91 91 91 91 91 91 91 91 91 91 91 91 91 91 91 91 91 91 ]
Pmax = [ 288 288 288 288 288 288 288 288 288 288 288 288 288 288 288 288 288 288 288 288 358 358 358 358 358 358 358 358 358 358 358 358 358 358 358 358 358 358 358 358 342 342 342 342 342 342 342 342 342 342 342 342 342 342 342 342 342 342 342 342 ]
cf = [ 10.5825 10.5825 10.5825 10.5825 10.5825 10.5825 10.5825 10.5825 10.5825 10.5825 10.5825 10.5825 10.5825 10.5825 10.5825 10.5825 10.5825 10.5825 10.5825 10.5825 56.4534 56.4534 56.4534 56.4534 56.4534 56.4534 56.4534 56.4534 56.4534 56.4534 56.4534 56.4534 56.4534 56.4534 56.4534 56.4534 56.4534 56.4534 56.4534 56.4534 11.8007 11.8007 11.8007 11.8007 11.8007 11.8007 11.8007 11.8007 11.8007 11.8007 11.8007 11.8007 11.8007 11.8007 11.8007 11.8007 11.8007 11.8007 11.8007 11.8007 ]
c0 = [ 192 192 192 192 192 192 192 192 192 192 192 192 192 192 192 192 192 192 192 192 237 237 237 237 237 237 237 237 237 237 237 237 237 237 237 237 237 237 237 237 233 233 233 233 233 233 233 233 233 233 233 233 233 233 233 233 233 233 233 233 ]
cp = [ 20.2486 20.2486 20.2486 20.2486 20.2486 20.2486 20.2486 20.2486 20.2486 20.2486 20.2486 20.2486 20.2486 20.2486 20.2486 20.2486 20.2486 20.2486 20.2486 20.2486 18.9145 18.9145 18.9145 18.9145 18.9145 18.9145 18.9145 18.9145 18.9145 18.9145 18.9145 18.9145 18.9145 18.9145 18.9145 18.9145 18.9145 18.9145 18.9145 18.9145 14.6384 14.6384 14.6384 14.6384 14.6384 14.6384 14.6384 14.6384 14.6384 14.6384 14.6384 14.6384 14.6384 14.6384 14.6384 14.6384 14.6384 14.6384 14.6384 14.6384 ]
D = [ 5787 6284 6193 6669 7136 8285 8572 8846 9069 10196 10333 10743 11477 11775 11879 12576 13202 13345 14408 14677 15004 15303 15645 16356 17232 15912 15227 14378 13528 13442 12788 11888 11039 10616 9723 10588 11769 12409 13079 14014 15312 14227 12887 11446 10190 9276 8063 6964 ]
K = 3
nk = [ 1 1 1 1 1 1 1 1 1 1 1 1 1 1 1 1 1 1 1 1 2 2 2 2 2 2 2 2 2 2 2 2 2 2 2 2 2 2 2 2 3 3 3 3 3 3 3 3 3 3 3 3 3 3 3 3 3 3 3 3 ]
First = [ 1 0 0 0 0 0 0 0 0 0 0 0 0 0 0 0 0 0 0 0 1 0 0 0 0 0 0 0 0 0 0 0 0 0 0 0 0 0 0 0 1 0 0 0 0 0 0 0 0 0 0 0 0 0 0 0 0 0 0 0 ]
Last = [ 0 0 0 0 0 0 0 0 0 0 0 0 0 0 0 0 0 0 0 1 0 0 0 0 0 0 0 0 0 0 0 0 0 0 0 0 0 0 0 1 0 0 0 0 0 0 0 0 0 0 0 0 0 0 0 0 0 0 0 1 ]
nS = 1
S = [ 0 1 2 3 4 5 6 7 8 9 10 11 12 13 14 15 16 17 18 19 20 21 22 23 24 25 26 27 28 29 30 31 32 33 34 35 36 37 38 39 40 41 42 43 44 45 46 47 48 49 50 51 52 53 54 55 56 57 58 59 ]
