n = 60 ; 
T = 48 ; 
Init = [ 1 1 1 1 1 1 1 1 1 1 1 1 1 1 1 1 1 1 1 1 1 1 1 1 1 1 1 1 1 1 1 1 1 1 1 1 1 1 1 1 1 1 1 1 1 1 1 1 1 1 1 1 1 1 1 1 1 1 1 1 ]
L = [ 16 16 16 16 16 16 16 16 16 16 16 16 8 8 8 8 8 8 8 8 8 8 8 8 9 9 9 9 9 9 9 9 9 9 9 9 13 13 13 13 13 13 13 13 13 13 13 13 12 12 12 12 12 12 12 12 12 12 12 12 ]
l = [ 16 16 16 16 16 16 16 16 16 16 16 16 8 8 8 8 8 8 8 8 8 8 8 8 9 9 9 9 9 9 9 9 9 9 9 9 13 13 13 13 13 13 13 13 13 13 13 13 12 12 12 12 12 12 12 12 12 12 12 12 ]
Pmin = [ 84 84 84 84 84 84 84 84 84 84 84 84 36 36 36 36 36 36 36 36 36 36 36 36 54 54 54 54 54 54 54 54 54 54 54 54 70 70 70 70 70 70 70 70 70 70 70 70 65 65 65 65 65 65 65 65 65 65 65 65 ]
Pmax = [ 318 318 318 318 318 318 318 318 318 318 318 318 138 138 138 138 138 138 138 138 138 138 138 138 184 184 184 184 184 184 184 184 184 184 184 184 277 277 277 277 277 277 277 277 277 277 277 277 255 255 255 255 255 255 255 255 255 255 255 255 ]
cf = [ 38.6045 38.6045 38.6045 38.6045 38.6045 38.6045 38.6045 38.6045 38.6045 38.6045 38.6045 38.6045 18.0426 18.0426 18.0426 18.0426 18.0426 18.0426 18.0426 18.0426 18.0426 18.0426 18.0426 18.0426 56.8107 56.8107 56.8107 56.8107 56.8107 56.8107 56.8107 56.8107 56.8107 56.8107 56.8107 56.8107 48.2606 48.2606 48.2606 48.2606 48.2606 48.2606 48.2606 48.2606 48.2606 48.2606 48.2606 48.2606 60.7778 60.7778 60.7778 60.7778 60.7778 60.7778 60.7778 60.7778 60.7778 60.7778 60.7778 60.7778 ]
c0 = [ 213 213 213 213 213 213 213 213 213 213 213 213 99 99 99 99 99 99 99 99 99 99 99 99 143 143 143 143 143 143 143 143 143 143 143 143 195 195 195 195 195 195 195 195 195 195 195 195 174 174 174 174 174 174 174 174 174 174 174 174 ]
cp = [ 25.6726 25.6726 25.6726 25.6726 25.6726 25.6726 25.6726 25.6726 25.6726 25.6726 25.6726 25.6726 31.0835 31.0835 31.0835 31.0835 31.0835 31.0835 31.0835 31.0835 31.0835 31.0835 31.0835 31.0835 28.8234 28.8234 28.8234 28.8234 28.8234 28.8234 28.8234 28.8234 28.8234 28.8234 28.8234 28.8234 21.1882 21.1882 21.1882 21.1882 21.1882 21.1882 21.1882 21.1882 21.1882 21.1882 21.1882 21.1882 19.315 19.315 19.315 19.315 19.315 19.315 19.315 19.315 19.315 19.315 19.315 19.315 ]
D = [ 3589 3871 4496 4971 5004 5475 5967 6173 6654 6658 7068 7684 7893 8388 8466 9005 9090 9231 9637 10250 10347 10848 11393 11448 12006 11380 10656 10276 9676 9451 9120 8283 8005 7402 7266 7760 8365 8898 9262 10013 10777 9751 8756 7928 7062 6372 5186 4633 ]
K = 5
nk = [ 1 1 1 1 1 1 1 1 1 1 1 1 2 2 2 2 2 2 2 2 2 2 2 2 3 3 3 3 3 3 3 3 3 3 3 3 4 4 4 4 4 4 4 4 4 4 4 4 5 5 5 5 5 5 5 5 5 5 5 5 ]
First = [ 1 0 0 0 0 0 0 0 0 0 0 0 1 0 0 0 0 0 0 0 0 0 0 0 1 0 0 0 0 0 0 0 0 0 0 0 1 0 0 0 0 0 0 0 0 0 0 0 1 0 0 0 0 0 0 0 0 0 0 0 ]
Last = [ 0 0 0 0 0 0 0 0 0 0 0 1 0 0 0 0 0 0 0 0 0 0 0 1 0 0 0 0 0 0 0 0 0 0 0 1 0 0 0 0 0 0 0 0 0 0 0 1 0 0 0 0 0 0 0 0 0 0 0 1 ]
nS = 1
S = [ 0 1 2 3 4 5 6 7 8 9 10 11 12 13 14 15 16 17 18 19 20 21 22 23 24 25 26 27 28 29 30 31 32 33 34 35 36 37 38 39 40 41 42 43 44 45 46 47 48 49 50 51 52 53 54 55 56 57 58 59 ]
