n = 60 ; 
T = 48 ; 
Init = [ 0 0 0 0 0 0 0 0 0 0 0 0 0 0 0 0 0 0 0 0 1 1 1 1 1 1 1 1 1 1 0 0 0 0 0 0 0 0 0 0 1 1 1 1 1 1 1 1 1 1 1 1 1 1 1 1 1 1 1 1 ]
L = [ 12 12 12 12 12 12 12 12 12 12 13 13 13 13 13 13 13 13 13 13 12 12 12 12 12 12 12 12 12 12 5 5 5 5 5 5 5 5 5 5 12 12 12 12 12 12 12 12 12 12 4 4 4 4 4 4 4 4 4 4 ]
l = [ 12 12 12 12 12 12 12 12 12 12 13 13 13 13 13 13 13 13 13 13 12 12 12 12 12 12 12 12 12 12 5 5 5 5 5 5 5 5 5 5 12 12 12 12 12 12 12 12 12 12 4 4 4 4 4 4 4 4 4 4 ]
Pmin = [ 63 63 63 63 63 63 63 63 63 63 76 76 76 76 76 76 76 76 76 76 59 59 59 59 59 59 59 59 59 59 22 22 22 22 22 22 22 22 22 22 62 62 62 62 62 62 62 62 62 62 17 17 17 17 17 17 17 17 17 17 ]
Pmax = [ 243 243 243 243 243 243 243 243 243 243 274 274 274 274 274 274 274 274 274 274 214 214 214 214 214 214 214 214 214 214 48 48 48 48 48 48 48 48 48 48 250 250 250 250 250 250 250 250 250 250 58 58 58 58 58 58 58 58 58 58 ]
cf = [ 34.4614 34.4614 34.4614 34.4614 34.4614 34.4614 34.4614 34.4614 34.4614 34.4614 21.6724 21.6724 21.6724 21.6724 21.6724 21.6724 21.6724 21.6724 21.6724 21.6724 54.4742 54.4742 54.4742 54.4742 54.4742 54.4742 54.4742 54.4742 54.4742 54.4742 27.4064 27.4064 27.4064 27.4064 27.4064 27.4064 27.4064 27.4064 27.4064 27.4064 26.1923 26.1923 26.1923 26.1923 26.1923 26.1923 26.1923 26.1923 26.1923 26.1923 18.7084 18.7084 18.7084 18.7084 18.7084 18.7084 18.7084 18.7084 18.7084 18.7084 ]
c0 = [ 181 181 181 181 181 181 181 181 181 181 206 206 206 206 206 206 206 206 206 206 152 152 152 152 152 152 152 152 152 152 64 64 64 64 64 64 64 64 64 64 162 162 162 162 162 162 162 162 162 162 71 71 71 71 71 71 71 71 71 71 ]
cp = [ 23.8861 23.8861 23.8861 23.8861 23.8861 23.8861 23.8861 23.8861 23.8861 23.8861 31.7032 31.7032 31.7032 31.7032 31.7032 31.7032 31.7032 31.7032 31.7032 31.7032 15.1871 15.1871 15.1871 15.1871 15.1871 15.1871 15.1871 15.1871 15.1871 15.1871 40.9491 40.9491 40.9491 40.9491 40.9491 40.9491 40.9491 40.9491 40.9491 40.9491 31.6743 31.6743 31.6743 31.6743 31.6743 31.6743 31.6743 31.6743 31.6743 31.6743 40.0038 40.0038 40.0038 40.0038 40.0038 40.0038 40.0038 40.0038 40.0038 40.0038 ]
D = [ 2639 3056 3458 3836 3849 4358 4670 4911 4951 5434 5807 5759 6112 6418 6568 6952 7264 7451 7729 8374 8613 8888 9232 9263 9516 9240 8981 8578 7897 7691 7174 6727 6220 5820 5467 5983 6234 6768 7241 7683 8415 7430 6863 6116 5588 4886 4240 3739 ]
K = 6
nk = [ 1 1 1 1 1 1 1 1 1 1 2 2 2 2 2 2 2 2 2 2 3 3 3 3 3 3 3 3 3 3 4 4 4 4 4 4 4 4 4 4 5 5 5 5 5 5 5 5 5 5 6 6 6 6 6 6 6 6 6 6 ]
First = [ 1 0 0 0 0 0 0 0 0 0 1 0 0 0 0 0 0 0 0 0 1 0 0 0 0 0 0 0 0 0 1 0 0 0 0 0 0 0 0 0 1 0 0 0 0 0 0 0 0 0 1 0 0 0 0 0 0 0 0 0 ]
Last = [ 0 0 0 0 0 0 0 0 0 1 0 0 0 0 0 0 0 0 0 1 0 0 0 0 0 0 0 0 0 1 0 0 0 0 0 0 0 0 0 1 0 0 0 0 0 0 0 0 0 1 0 0 0 0 0 0 0 0 0 1 ]
nS = 1
S = [ 0 1 2 3 4 5 6 7 8 9 10 11 12 13 14 15 16 17 18 19 20 21 22 23 24 25 26 27 28 29 30 31 32 33 34 35 36 37 38 39 40 41 42 43 44 45 46 47 48 49 50 51 52 53 54 55 56 57 58 59 ]
