n = 60 ; 
T = 48 ; 
Init = [ 1 1 1 1 1 1 1 1 1 1 1 1 1 1 1 1 1 1 1 1 0 0 0 0 0 0 0 0 0 0 0 0 0 0 0 0 0 0 0 0 1 1 1 1 1 1 1 1 1 1 1 1 1 1 1 1 1 1 1 1 ]
L = [ 4 4 4 4 4 4 4 4 4 4 4 4 4 4 4 4 4 4 4 4 9 9 9 9 9 9 9 9 9 9 9 9 9 9 9 9 9 9 9 9 12 12 12 12 12 12 12 12 12 12 12 12 12 12 12 12 12 12 12 12 ]
l = [ 4 4 4 4 4 4 4 4 4 4 4 4 4 4 4 4 4 4 4 4 9 9 9 9 9 9 9 9 9 9 9 9 9 9 9 9 9 9 9 9 12 12 12 12 12 12 12 12 12 12 12 12 12 12 12 12 12 12 12 12 ]
Pmin = [ 14 14 14 14 14 14 14 14 14 14 14 14 14 14 14 14 14 14 14 14 41 41 41 41 41 41 41 41 41 41 41 41 41 41 41 41 41 41 41 41 61 61 61 61 61 61 61 61 61 61 61 61 61 61 61 61 61 61 61 61 ]
Pmax = [ 30 30 30 30 30 30 30 30 30 30 30 30 30 30 30 30 30 30 30 30 160 160 160 160 160 160 160 160 160 160 160 160 160 160 160 160 160 160 160 160 247 247 247 247 247 247 247 247 247 247 247 247 247 247 247 247 247 247 247 247 ]
cf = [ 26.5529 26.5529 26.5529 26.5529 26.5529 26.5529 26.5529 26.5529 26.5529 26.5529 26.5529 26.5529 26.5529 26.5529 26.5529 26.5529 26.5529 26.5529 26.5529 26.5529 10.3526 10.3526 10.3526 10.3526 10.3526 10.3526 10.3526 10.3526 10.3526 10.3526 10.3526 10.3526 10.3526 10.3526 10.3526 10.3526 10.3526 10.3526 10.3526 10.3526 61.5 61.5 61.5 61.5 61.5 61.5 61.5 61.5 61.5 61.5 61.5 61.5 61.5 61.5 61.5 61.5 61.5 61.5 61.5 61.5 ]
c0 = [ 65 65 65 65 65 65 65 65 65 65 65 65 65 65 65 65 65 65 65 65 128 128 128 128 128 128 128 128 128 128 128 128 128 128 128 128 128 128 128 128 169 169 169 169 169 169 169 169 169 169 169 169 169 169 169 169 169 169 169 169 ]
cp = [ 41.3369 41.3369 41.3369 41.3369 41.3369 41.3369 41.3369 41.3369 41.3369 41.3369 41.3369 41.3369 41.3369 41.3369 41.3369 41.3369 41.3369 41.3369 41.3369 41.3369 35.6098 35.6098 35.6098 35.6098 35.6098 35.6098 35.6098 35.6098 35.6098 35.6098 35.6098 35.6098 35.6098 35.6098 35.6098 35.6098 35.6098 35.6098 35.6098 35.6098 18.1557 18.1557 18.1557 18.1557 18.1557 18.1557 18.1557 18.1557 18.1557 18.1557 18.1557 18.1557 18.1557 18.1557 18.1557 18.1557 18.1557 18.1557 18.1557 18.1557 ]
D = [ 2265 2553 2576 2929 3149 3263 3668 3732 4078 4413 4595 4845 4873 5113 5451 5799 6036 6072 6425 6523 6853 7212 7440 7658 7642 7368 7108 6667 6567 6121 5885 5437 5399 4956 4631 4876 5310 5453 5881 6082 6679 5833 5527 5045 4208 3661 3297 2817 ]
K = 3
nk = [ 1 1 1 1 1 1 1 1 1 1 1 1 1 1 1 1 1 1 1 1 2 2 2 2 2 2 2 2 2 2 2 2 2 2 2 2 2 2 2 2 3 3 3 3 3 3 3 3 3 3 3 3 3 3 3 3 3 3 3 3 ]
First = [ 1 0 0 0 0 0 0 0 0 0 0 0 0 0 0 0 0 0 0 0 1 0 0 0 0 0 0 0 0 0 0 0 0 0 0 0 0 0 0 0 1 0 0 0 0 0 0 0 0 0 0 0 0 0 0 0 0 0 0 0 ]
Last = [ 0 0 0 0 0 0 0 0 0 0 0 0 0 0 0 0 0 0 0 1 0 0 0 0 0 0 0 0 0 0 0 0 0 0 0 0 0 0 0 1 0 0 0 0 0 0 0 0 0 0 0 0 0 0 0 0 0 0 0 1 ]
nS = 1
S = [ 0 1 2 3 4 5 6 7 8 9 10 11 12 13 14 15 16 17 18 19 20 21 22 23 24 25 26 27 28 29 30 31 32 33 34 35 36 37 38 39 40 41 42 43 44 45 46 47 48 49 50 51 52 53 54 55 56 57 58 59 ]
