n = 60 ; 
T = 48 ; 
Init = [ 0 0 0 0 0 0 0 0 0 0 0 0 0 0 0 0 0 0 0 0 1 1 1 1 1 1 1 1 1 1 1 1 1 1 1 1 1 1 1 1 1 1 1 1 1 1 1 1 1 1 1 1 1 1 1 1 1 1 1 1 ]
L = [ 12 12 12 12 12 12 12 12 12 12 12 12 12 12 12 12 12 12 12 12 6 6 6 6 6 6 6 6 6 6 6 6 6 6 6 6 6 6 6 6 8 8 8 8 8 8 8 8 8 8 8 8 8 8 8 8 8 8 8 8 ]
l = [ 12 12 12 12 12 12 12 12 12 12 12 12 12 12 12 12 12 12 12 12 6 6 6 6 6 6 6 6 6 6 6 6 6 6 6 6 6 6 6 6 8 8 8 8 8 8 8 8 8 8 8 8 8 8 8 8 8 8 8 8 ]
Pmin = [ 61 61 61 61 61 61 61 61 61 61 61 61 61 61 61 61 61 61 61 61 36 36 36 36 36 36 36 36 36 36 36 36 36 36 36 36 36 36 36 36 43 43 43 43 43 43 43 43 43 43 43 43 43 43 43 43 43 43 43 43 ]
Pmax = [ 225 225 225 225 225 225 225 225 225 225 225 225 225 225 225 225 225 225 225 225 110 110 110 110 110 110 110 110 110 110 110 110 110 110 110 110 110 110 110 110 136 136 136 136 136 136 136 136 136 136 136 136 136 136 136 136 136 136 136 136 ]
cf = [ 37.3482 37.3482 37.3482 37.3482 37.3482 37.3482 37.3482 37.3482 37.3482 37.3482 37.3482 37.3482 37.3482 37.3482 37.3482 37.3482 37.3482 37.3482 37.3482 37.3482 33.0846 33.0846 33.0846 33.0846 33.0846 33.0846 33.0846 33.0846 33.0846 33.0846 33.0846 33.0846 33.0846 33.0846 33.0846 33.0846 33.0846 33.0846 33.0846 33.0846 38.885 38.885 38.885 38.885 38.885 38.885 38.885 38.885 38.885 38.885 38.885 38.885 38.885 38.885 38.885 38.885 38.885 38.885 38.885 38.885 ]
c0 = [ 170 170 170 170 170 170 170 170 170 170 170 170 170 170 170 170 170 170 170 170 110 110 110 110 110 110 110 110 110 110 110 110 110 110 110 110 110 110 110 110 133 133 133 133 133 133 133 133 133 133 133 133 133 133 133 133 133 133 133 133 ]
cp = [ 21.5707 21.5707 21.5707 21.5707 21.5707 21.5707 21.5707 21.5707 21.5707 21.5707 21.5707 21.5707 21.5707 21.5707 21.5707 21.5707 21.5707 21.5707 21.5707 21.5707 34.1959 34.1959 34.1959 34.1959 34.1959 34.1959 34.1959 34.1959 34.1959 34.1959 34.1959 34.1959 34.1959 34.1959 34.1959 34.1959 34.1959 34.1959 34.1959 34.1959 30.9167 30.9167 30.9167 30.9167 30.9167 30.9167 30.9167 30.9167 30.9167 30.9167 30.9167 30.9167 30.9167 30.9167 30.9167 30.9167 30.9167 30.9167 30.9167 30.9167 ]
D = [ 2081 2390 2433 2823 2818 3060 3402 3731 3930 4164 4369 4456 4990 5094 5180 5623 5912 5848 6227 6628 6833 7079 7306 7349 7640 7539 7043 6611 6606 6219 5760 5655 5340 5065 4738 5162 5496 5878 6018 6315 6695 5993 5706 5196 4738 4301 3622 3216 ]
K = 3
nk = [ 1 1 1 1 1 1 1 1 1 1 1 1 1 1 1 1 1 1 1 1 2 2 2 2 2 2 2 2 2 2 2 2 2 2 2 2 2 2 2 2 3 3 3 3 3 3 3 3 3 3 3 3 3 3 3 3 3 3 3 3 ]
First = [ 1 0 0 0 0 0 0 0 0 0 0 0 0 0 0 0 0 0 0 0 1 0 0 0 0 0 0 0 0 0 0 0 0 0 0 0 0 0 0 0 1 0 0 0 0 0 0 0 0 0 0 0 0 0 0 0 0 0 0 0 ]
Last = [ 0 0 0 0 0 0 0 0 0 0 0 0 0 0 0 0 0 0 0 1 0 0 0 0 0 0 0 0 0 0 0 0 0 0 0 0 0 0 0 1 0 0 0 0 0 0 0 0 0 0 0 0 0 0 0 0 0 0 0 1 ]
nS = 1
S = [ 0 1 2 3 4 5 6 7 8 9 10 11 12 13 14 15 16 17 18 19 20 21 22 23 24 25 26 27 28 29 30 31 32 33 34 35 36 37 38 39 40 41 42 43 44 45 46 47 48 49 50 51 52 53 54 55 56 57 58 59 ]
