n = 60 ; 
T = 48 ; 
Init = [ 1 1 1 1 1 1 1 1 1 1 0 0 0 0 0 0 0 0 0 0 1 1 1 1 1 1 1 1 1 1 1 1 1 1 1 1 1 1 1 1 1 1 1 1 1 1 1 1 1 1 1 1 1 1 1 1 1 1 1 1 ]
L = [ 13 13 13 13 13 13 13 13 13 13 10 10 10 10 10 10 10 10 10 10 16 16 16 16 16 16 16 16 16 16 18 18 18 18 18 18 18 18 18 18 4 4 4 4 4 4 4 4 4 4 5 5 5 5 5 5 5 5 5 5 ]
l = [ 13 13 13 13 13 13 13 13 13 13 10 10 10 10 10 10 10 10 10 10 16 16 16 16 16 16 16 16 16 16 18 18 18 18 18 18 18 18 18 18 4 4 4 4 4 4 4 4 4 4 5 5 5 5 5 5 5 5 5 5 ]
Pmin = [ 72 72 72 72 72 72 72 72 72 72 47 47 47 47 47 47 47 47 47 47 82 82 82 82 82 82 82 82 82 82 90 90 90 90 90 90 90 90 90 90 13 13 13 13 13 13 13 13 13 13 25 25 25 25 25 25 25 25 25 25 ]
Pmax = [ 262 262 262 262 262 262 262 262 262 262 183 183 183 183 183 183 183 183 183 183 339 339 339 339 339 339 339 339 339 339 372 372 372 372 372 372 372 372 372 372 32 32 32 32 32 32 32 32 32 32 73 73 73 73 73 73 73 73 73 73 ]
cf = [ 36.6097 36.6097 36.6097 36.6097 36.6097 36.6097 36.6097 36.6097 36.6097 36.6097 21.2588 21.2588 21.2588 21.2588 21.2588 21.2588 21.2588 21.2588 21.2588 21.2588 14.3106 14.3106 14.3106 14.3106 14.3106 14.3106 14.3106 14.3106 14.3106 14.3106 51.1936 51.1936 51.1936 51.1936 51.1936 51.1936 51.1936 51.1936 51.1936 51.1936 19.1972 19.1972 19.1972 19.1972 19.1972 19.1972 19.1972 19.1972 19.1972 19.1972 17.8786 17.8786 17.8786 17.8786 17.8786 17.8786 17.8786 17.8786 17.8786 17.8786 ]
c0 = [ 197 197 197 197 197 197 197 197 197 197 133 133 133 133 133 133 133 133 133 133 226 226 226 226 226 226 226 226 226 226 228 228 228 228 228 228 228 228 228 228 49 49 49 49 49 49 49 49 49 49 85 85 85 85 85 85 85 85 85 85 ]
cp = [ 18.1928 18.1928 18.1928 18.1928 18.1928 18.1928 18.1928 18.1928 18.1928 18.1928 32.4631 32.4631 32.4631 32.4631 32.4631 32.4631 32.4631 32.4631 32.4631 32.4631 25.15 25.15 25.15 25.15 25.15 25.15 25.15 25.15 25.15 25.15 11.5805 11.5805 11.5805 11.5805 11.5805 11.5805 11.5805 11.5805 11.5805 11.5805 41.5416 41.5416 41.5416 41.5416 41.5416 41.5416 41.5416 41.5416 41.5416 41.5416 32.0626 32.0626 32.0626 32.0626 32.0626 32.0626 32.0626 32.0626 32.0626 32.0626 ]
D = [ 3004 3326 3695 3991 4138 4462 4829 5557 5671 6237 6529 6930 6832 7648 7842 8334 8499 8632 9276 9511 10012 10229 10411 11021 11167 10736 10106 9789 9418 8684 8554 7907 7654 7043 6851 7267 7502 7694 8492 8495 8908 8424 7759 6500 5982 5166 4052 3354 ]
K = 6
nk = [ 1 1 1 1 1 1 1 1 1 1 2 2 2 2 2 2 2 2 2 2 3 3 3 3 3 3 3 3 3 3 4 4 4 4 4 4 4 4 4 4 5 5 5 5 5 5 5 5 5 5 6 6 6 6 6 6 6 6 6 6 ]
First = [ 1 0 0 0 0 0 0 0 0 0 1 0 0 0 0 0 0 0 0 0 1 0 0 0 0 0 0 0 0 0 1 0 0 0 0 0 0 0 0 0 1 0 0 0 0 0 0 0 0 0 1 0 0 0 0 0 0 0 0 0 ]
Last = [ 0 0 0 0 0 0 0 0 0 1 0 0 0 0 0 0 0 0 0 1 0 0 0 0 0 0 0 0 0 1 0 0 0 0 0 0 0 0 0 1 0 0 0 0 0 0 0 0 0 1 0 0 0 0 0 0 0 0 0 1 ]
nS = 1
S = [ 0 1 2 3 4 5 6 7 8 9 10 11 12 13 14 15 16 17 18 19 20 21 22 23 24 25 26 27 28 29 30 31 32 33 34 35 36 37 38 39 40 41 42 43 44 45 46 47 48 49 50 51 52 53 54 55 56 57 58 59 ]
