n = 60 ; 
T = 48 ; 
Init = [ 1 1 1 1 1 1 1 1 1 1 1 1 1 1 1 1 1 1 1 1 1 1 1 1 1 1 1 1 1 1 1 1 1 1 1 1 1 1 1 1 0 0 0 0 0 0 0 0 0 0 0 0 0 0 0 0 0 0 0 0 ]
L = [ 12 12 12 12 12 12 12 12 12 12 12 12 12 12 12 12 12 12 12 12 19 19 19 19 19 19 19 19 19 19 19 19 19 19 19 19 19 19 19 19 6 6 6 6 6 6 6 6 6 6 6 6 6 6 6 6 6 6 6 6 ]
l = [ 12 12 12 12 12 12 12 12 12 12 12 12 12 12 12 12 12 12 12 12 19 19 19 19 19 19 19 19 19 19 19 19 19 19 19 19 19 19 19 19 6 6 6 6 6 6 6 6 6 6 6 6 6 6 6 6 6 6 6 6 ]
Pmin = [ 62 62 62 62 62 62 62 62 62 62 62 62 62 62 62 62 62 62 62 62 100 100 100 100 100 100 100 100 100 100 100 100 100 100 100 100 100 100 100 100 33 33 33 33 33 33 33 33 33 33 33 33 33 33 33 33 33 33 33 33 ]
Pmax = [ 222 222 222 222 222 222 222 222 222 222 222 222 222 222 222 222 222 222 222 222 420 420 420 420 420 420 420 420 420 420 420 420 420 420 420 420 420 420 420 420 117 117 117 117 117 117 117 117 117 117 117 117 117 117 117 117 117 117 117 117 ]
cf = [ 46.8468 46.8468 46.8468 46.8468 46.8468 46.8468 46.8468 46.8468 46.8468 46.8468 46.8468 46.8468 46.8468 46.8468 46.8468 46.8468 46.8468 46.8468 46.8468 46.8468 52.5469 52.5469 52.5469 52.5469 52.5469 52.5469 52.5469 52.5469 52.5469 52.5469 52.5469 52.5469 52.5469 52.5469 52.5469 52.5469 52.5469 52.5469 52.5469 52.5469 41.3756 41.3756 41.3756 41.3756 41.3756 41.3756 41.3756 41.3756 41.3756 41.3756 41.3756 41.3756 41.3756 41.3756 41.3756 41.3756 41.3756 41.3756 41.3756 41.3756 ]
c0 = [ 170 170 170 170 170 170 170 170 170 170 170 170 170 170 170 170 170 170 170 170 250 250 250 250 250 250 250 250 250 250 250 250 250 250 250 250 250 250 250 250 104 104 104 104 104 104 104 104 104 104 104 104 104 104 104 104 104 104 104 104 ]
cp = [ 25.5506 25.5506 25.5506 25.5506 25.5506 25.5506 25.5506 25.5506 25.5506 25.5506 25.5506 25.5506 25.5506 25.5506 25.5506 25.5506 25.5506 25.5506 25.5506 25.5506 10.5631 10.5631 10.5631 10.5631 10.5631 10.5631 10.5631 10.5631 10.5631 10.5631 10.5631 10.5631 10.5631 10.5631 10.5631 10.5631 10.5631 10.5631 10.5631 10.5631 35.5181 35.5181 35.5181 35.5181 35.5181 35.5181 35.5181 35.5181 35.5181 35.5181 35.5181 35.5181 35.5181 35.5181 35.5181 35.5181 35.5181 35.5181 35.5181 35.5181 ]
D = [ 4047 4753 5111 5208 5518 5695 6130 6849 7183 7436 7946 7983 8480 8824 8924 9331 9881 10211 10403 11201 11273 11644 12001 12190 12951 12149 11930 11037 10542 9992 9479 9242 8431 7916 7417 8204 8547 9163 9702 10019 10528 9924 9233 8585 7358 7014 5807 5378 ]
K = 3
nk = [ 1 1 1 1 1 1 1 1 1 1 1 1 1 1 1 1 1 1 1 1 2 2 2 2 2 2 2 2 2 2 2 2 2 2 2 2 2 2 2 2 3 3 3 3 3 3 3 3 3 3 3 3 3 3 3 3 3 3 3 3 ]
First = [ 1 0 0 0 0 0 0 0 0 0 0 0 0 0 0 0 0 0 0 0 1 0 0 0 0 0 0 0 0 0 0 0 0 0 0 0 0 0 0 0 1 0 0 0 0 0 0 0 0 0 0 0 0 0 0 0 0 0 0 0 ]
Last = [ 0 0 0 0 0 0 0 0 0 0 0 0 0 0 0 0 0 0 0 1 0 0 0 0 0 0 0 0 0 0 0 0 0 0 0 0 0 0 0 1 0 0 0 0 0 0 0 0 0 0 0 0 0 0 0 0 0 0 0 1 ]
nS = 1
S = [ 0 1 2 3 4 5 6 7 8 9 10 11 12 13 14 15 16 17 18 19 20 21 22 23 24 25 26 27 28 29 30 31 32 33 34 35 36 37 38 39 40 41 42 43 44 45 46 47 48 49 50 51 52 53 54 55 56 57 58 59 ]
