n = 60 ; 
T = 48 ; 
Init = [ 1 1 1 1 1 1 1 1 1 1 1 1 1 1 1 1 1 1 1 1 1 1 1 1 1 1 1 1 1 1 1 1 1 1 1 1 1 1 1 1 1 1 1 1 1 1 1 1 1 1 1 1 1 1 1 1 1 1 1 1 ]
L = [ 15 15 15 15 15 15 15 15 15 15 15 15 15 15 15 15 15 15 15 15 13 13 13 13 13 13 13 13 13 13 13 13 13 13 13 13 13 13 13 13 5 5 5 5 5 5 5 5 5 5 5 5 5 5 5 5 5 5 5 5 ]
l = [ 15 15 15 15 15 15 15 15 15 15 15 15 15 15 15 15 15 15 15 15 13 13 13 13 13 13 13 13 13 13 13 13 13 13 13 13 13 13 13 13 5 5 5 5 5 5 5 5 5 5 5 5 5 5 5 5 5 5 5 5 ]
Pmin = [ 81 81 81 81 81 81 81 81 81 81 81 81 81 81 81 81 81 81 81 81 68 68 68 68 68 68 68 68 68 68 68 68 68 68 68 68 68 68 68 68 19 19 19 19 19 19 19 19 19 19 19 19 19 19 19 19 19 19 19 19 ]
Pmax = [ 316 316 316 316 316 316 316 316 316 316 316 316 316 316 316 316 316 316 316 316 258 258 258 258 258 258 258 258 258 258 258 258 258 258 258 258 258 258 258 258 60 60 60 60 60 60 60 60 60 60 60 60 60 60 60 60 60 60 60 60 ]
cf = [ 43.6462 43.6462 43.6462 43.6462 43.6462 43.6462 43.6462 43.6462 43.6462 43.6462 43.6462 43.6462 43.6462 43.6462 43.6462 43.6462 43.6462 43.6462 43.6462 43.6462 60.2432 60.2432 60.2432 60.2432 60.2432 60.2432 60.2432 60.2432 60.2432 60.2432 60.2432 60.2432 60.2432 60.2432 60.2432 60.2432 60.2432 60.2432 60.2432 60.2432 36.9536 36.9536 36.9536 36.9536 36.9536 36.9536 36.9536 36.9536 36.9536 36.9536 36.9536 36.9536 36.9536 36.9536 36.9536 36.9536 36.9536 36.9536 36.9536 36.9536 ]
c0 = [ 223 223 223 223 223 223 223 223 223 223 223 223 223 223 223 223 223 223 223 223 192 192 192 192 192 192 192 192 192 192 192 192 192 192 192 192 192 192 192 192 62 62 62 62 62 62 62 62 62 62 62 62 62 62 62 62 62 62 62 62 ]
cp = [ 17.5098 17.5098 17.5098 17.5098 17.5098 17.5098 17.5098 17.5098 17.5098 17.5098 17.5098 17.5098 17.5098 17.5098 17.5098 17.5098 17.5098 17.5098 17.5098 17.5098 14.6879 14.6879 14.6879 14.6879 14.6879 14.6879 14.6879 14.6879 14.6879 14.6879 14.6879 14.6879 14.6879 14.6879 14.6879 14.6879 14.6879 14.6879 14.6879 14.6879 38.3916 38.3916 38.3916 38.3916 38.3916 38.3916 38.3916 38.3916 38.3916 38.3916 38.3916 38.3916 38.3916 38.3916 38.3916 38.3916 38.3916 38.3916 38.3916 38.3916 ]
D = [ 2680 2956 3422 4044 4267 4348 4752 5429 5617 5982 6282 6675 6812 7306 7526 7950 8334 8781 8900 9478 9829 10098 10542 10665 10794 10597 10258 9457 9162 8794 8652 7956 7525 7001 6587 7047 7779 8438 8728 9308 9991 9341 8567 7641 6638 5743 4900 4447 ]
K = 3
nk = [ 1 1 1 1 1 1 1 1 1 1 1 1 1 1 1 1 1 1 1 1 2 2 2 2 2 2 2 2 2 2 2 2 2 2 2 2 2 2 2 2 3 3 3 3 3 3 3 3 3 3 3 3 3 3 3 3 3 3 3 3 ]
First = [ 1 0 0 0 0 0 0 0 0 0 0 0 0 0 0 0 0 0 0 0 1 0 0 0 0 0 0 0 0 0 0 0 0 0 0 0 0 0 0 0 1 0 0 0 0 0 0 0 0 0 0 0 0 0 0 0 0 0 0 0 ]
Last = [ 0 0 0 0 0 0 0 0 0 0 0 0 0 0 0 0 0 0 0 1 0 0 0 0 0 0 0 0 0 0 0 0 0 0 0 0 0 0 0 1 0 0 0 0 0 0 0 0 0 0 0 0 0 0 0 0 0 0 0 1 ]
nS = 1
S = [ 0 1 2 3 4 5 6 7 8 9 10 11 12 13 14 15 16 17 18 19 20 21 22 23 24 25 26 27 28 29 30 31 32 33 34 35 36 37 38 39 40 41 42 43 44 45 46 47 48 49 50 51 52 53 54 55 56 57 58 59 ]
