n = 60 ; 
T = 48 ; 
Init = [ 1 1 1 1 1 1 1 1 1 1 1 1 0 0 0 0 0 0 0 0 0 0 0 0 1 1 1 1 1 1 1 1 1 1 1 1 0 0 0 0 0 0 0 0 0 0 0 0 1 1 1 1 1 1 1 1 1 1 1 1 ]
L = [ 19 19 19 19 19 19 19 19 19 19 19 19 9 9 9 9 9 9 9 9 9 9 9 9 16 16 16 16 16 16 16 16 16 16 16 16 9 9 9 9 9 9 9 9 9 9 9 9 18 18 18 18 18 18 18 18 18 18 18 18 ]
l = [ 19 19 19 19 19 19 19 19 19 19 19 19 9 9 9 9 9 9 9 9 9 9 9 9 16 16 16 16 16 16 16 16 16 16 16 16 9 9 9 9 9 9 9 9 9 9 9 9 18 18 18 18 18 18 18 18 18 18 18 18 ]
Pmin = [ 100 100 100 100 100 100 100 100 100 100 100 100 44 44 44 44 44 44 44 44 44 44 44 44 86 86 86 86 86 86 86 86 86 86 86 86 48 48 48 48 48 48 48 48 48 48 48 48 99 99 99 99 99 99 99 99 99 99 99 99 ]
Pmax = [ 406 406 406 406 406 406 406 406 406 406 406 406 163 163 163 163 163 163 163 163 163 163 163 163 355 355 355 355 355 355 355 355 355 355 355 355 159 159 159 159 159 159 159 159 159 159 159 159 383 383 383 383 383 383 383 383 383 383 383 383 ]
cf = [ 48.7449 48.7449 48.7449 48.7449 48.7449 48.7449 48.7449 48.7449 48.7449 48.7449 48.7449 48.7449 48.6333 48.6333 48.6333 48.6333 48.6333 48.6333 48.6333 48.6333 48.6333 48.6333 48.6333 48.6333 48.5419 48.5419 48.5419 48.5419 48.5419 48.5419 48.5419 48.5419 48.5419 48.5419 48.5419 48.5419 39.3324 39.3324 39.3324 39.3324 39.3324 39.3324 39.3324 39.3324 39.3324 39.3324 39.3324 39.3324 69.8957 69.8957 69.8957 69.8957 69.8957 69.8957 69.8957 69.8957 69.8957 69.8957 69.8957 69.8957 ]
c0 = [ 250 250 250 250 250 250 250 250 250 250 250 250 139 139 139 139 139 139 139 139 139 139 139 139 232 232 232 232 232 232 232 232 232 232 232 232 147 147 147 147 147 147 147 147 147 147 147 147 250 250 250 250 250 250 250 250 250 250 250 250 ]
cp = [ 16.005 16.005 16.005 16.005 16.005 16.005 16.005 16.005 16.005 16.005 16.005 16.005 23.4524 23.4524 23.4524 23.4524 23.4524 23.4524 23.4524 23.4524 23.4524 23.4524 23.4524 23.4524 22.4339 22.4339 22.4339 22.4339 22.4339 22.4339 22.4339 22.4339 22.4339 22.4339 22.4339 22.4339 34.7275 34.7275 34.7275 34.7275 34.7275 34.7275 34.7275 34.7275 34.7275 34.7275 34.7275 34.7275 16.4005 16.4005 16.4005 16.4005 16.4005 16.4005 16.4005 16.4005 16.4005 16.4005 16.4005 16.4005 ]
D = [ 4937 5335 6012 6067 6589 7188 7266 7999 8688 8671 9379 9837 9979 10670 10938 11610 11587 11991 12472 12858 13146 13920 14315 14992 15163 14730 13991 13266 12780 11696 11244 10293 9893 8997 8387 9691 10576 11228 12143 13300 14220 12491 11458 9870 9120 7233 5898 4707 ]
K = 5
nk = [ 1 1 1 1 1 1 1 1 1 1 1 1 2 2 2 2 2 2 2 2 2 2 2 2 3 3 3 3 3 3 3 3 3 3 3 3 4 4 4 4 4 4 4 4 4 4 4 4 5 5 5 5 5 5 5 5 5 5 5 5 ]
First = [ 1 0 0 0 0 0 0 0 0 0 0 0 1 0 0 0 0 0 0 0 0 0 0 0 1 0 0 0 0 0 0 0 0 0 0 0 1 0 0 0 0 0 0 0 0 0 0 0 1 0 0 0 0 0 0 0 0 0 0 0 ]
Last = [ 0 0 0 0 0 0 0 0 0 0 0 1 0 0 0 0 0 0 0 0 0 0 0 1 0 0 0 0 0 0 0 0 0 0 0 1 0 0 0 0 0 0 0 0 0 0 0 1 0 0 0 0 0 0 0 0 0 0 0 1 ]
nS = 1
S = [ 0 1 2 3 4 5 6 7 8 9 10 11 12 13 14 15 16 17 18 19 20 21 22 23 24 25 26 27 28 29 30 31 32 33 34 35 36 37 38 39 40 41 42 43 44 45 46 47 48 49 50 51 52 53 54 55 56 57 58 59 ]
