n = 60 ; 
T = 48 ; 
Init = [ 1 1 1 1 1 1 1 1 1 1 1 1 1 1 1 0 0 0 0 0 0 0 0 0 0 0 0 0 0 0 0 0 0 0 0 0 0 0 0 0 0 0 0 0 0 1 1 1 1 1 1 1 1 1 1 1 1 1 1 1 ]
L = [ 18 18 18 18 18 18 18 18 18 18 18 18 18 18 18 11 11 11 11 11 11 11 11 11 11 11 11 11 11 11 17 17 17 17 17 17 17 17 17 17 17 17 17 17 17 17 17 17 17 17 17 17 17 17 17 17 17 17 17 17 ]
l = [ 18 18 18 18 18 18 18 18 18 18 18 18 18 18 18 11 11 11 11 11 11 11 11 11 11 11 11 11 11 11 17 17 17 17 17 17 17 17 17 17 17 17 17 17 17 17 17 17 17 17 17 17 17 17 17 17 17 17 17 17 ]
Pmin = [ 91 91 91 91 91 91 91 91 91 91 91 91 91 91 91 61 61 61 61 61 61 61 61 61 61 61 61 61 61 61 88 88 88 88 88 88 88 88 88 88 88 88 88 88 88 97 97 97 97 97 97 97 97 97 97 97 97 97 97 97 ]
Pmax = [ 375 375 375 375 375 375 375 375 375 375 375 375 375 375 375 225 225 225 225 225 225 225 225 225 225 225 225 225 225 225 362 362 362 362 362 362 362 362 362 362 362 362 362 362 362 373 373 373 373 373 373 373 373 373 373 373 373 373 373 373 ]
cf = [ 37.7255 37.7255 37.7255 37.7255 37.7255 37.7255 37.7255 37.7255 37.7255 37.7255 37.7255 37.7255 37.7255 37.7255 37.7255 34.8237 34.8237 34.8237 34.8237 34.8237 34.8237 34.8237 34.8237 34.8237 34.8237 34.8237 34.8237 34.8237 34.8237 34.8237 25.3723 25.3723 25.3723 25.3723 25.3723 25.3723 25.3723 25.3723 25.3723 25.3723 25.3723 25.3723 25.3723 25.3723 25.3723 20.023 20.023 20.023 20.023 20.023 20.023 20.023 20.023 20.023 20.023 20.023 20.023 20.023 20.023 20.023 ]
c0 = [ 235 235 235 235 235 235 235 235 235 235 235 235 235 235 235 170 170 170 170 170 170 170 170 170 170 170 170 170 170 170 222 222 222 222 222 222 222 222 222 222 222 222 222 222 222 250 250 250 250 250 250 250 250 250 250 250 250 250 250 250 ]
cp = [ 14.0949 14.0949 14.0949 14.0949 14.0949 14.0949 14.0949 14.0949 14.0949 14.0949 14.0949 14.0949 14.0949 14.0949 14.0949 34.0087 34.0087 34.0087 34.0087 34.0087 34.0087 34.0087 34.0087 34.0087 34.0087 34.0087 34.0087 34.0087 34.0087 34.0087 16.598 16.598 16.598 16.598 16.598 16.598 16.598 16.598 16.598 16.598 16.598 16.598 16.598 16.598 16.598 15.5122 15.5122 15.5122 15.5122 15.5122 15.5122 15.5122 15.5122 15.5122 15.5122 15.5122 15.5122 15.5122 15.5122 15.5122 ]
D = [ 4705 5227 5898 6418 6877 6964 7926 8543 8906 9472 9857 10742 11455 11525 12151 12469 13687 13857 14488 15279 15338 16343 16519 17142 17419 17230 16383 15476 14885 13929 13089 12281 11302 10589 9756 11240 11818 13150 13906 15104 15656 14839 13360 11865 10572 9976 8255 6835 ]
K = 4
nk = [ 1 1 1 1 1 1 1 1 1 1 1 1 1 1 1 2 2 2 2 2 2 2 2 2 2 2 2 2 2 2 3 3 3 3 3 3 3 3 3 3 3 3 3 3 3 4 4 4 4 4 4 4 4 4 4 4 4 4 4 4 ]
First = [ 1 0 0 0 0 0 0 0 0 0 0 0 0 0 0 1 0 0 0 0 0 0 0 0 0 0 0 0 0 0 1 0 0 0 0 0 0 0 0 0 0 0 0 0 0 1 0 0 0 0 0 0 0 0 0 0 0 0 0 0 ]
Last = [ 0 0 0 0 0 0 0 0 0 0 0 0 0 0 1 0 0 0 0 0 0 0 0 0 0 0 0 0 0 1 0 0 0 0 0 0 0 0 0 0 0 0 0 0 1 0 0 0 0 0 0 0 0 0 0 0 0 0 0 1 ]
nS = 1
S = [ 0 1 2 3 4 5 6 7 8 9 10 11 12 13 14 15 16 17 18 19 20 21 22 23 24 25 26 27 28 29 30 31 32 33 34 35 36 37 38 39 40 41 42 43 44 45 46 47 48 49 50 51 52 53 54 55 56 57 58 59 ]
