n = 60 ; 
T = 48 ; 
Init = [ 0 0 0 0 0 0 0 0 0 0 0 0 0 0 0 0 0 0 0 0 0 0 0 0 0 0 0 0 0 0 1 1 1 1 1 1 1 1 1 1 1 1 1 1 1 1 1 1 1 1 0 0 0 0 0 0 0 0 0 0 ]
L = [ 6 6 6 6 6 6 6 6 6 6 4 4 4 4 4 4 4 4 4 4 5 5 5 5 5 5 5 5 5 5 16 16 16 16 16 16 16 16 16 16 14 14 14 14 14 14 14 14 14 14 9 9 9 9 9 9 9 9 9 9 ]
l = [ 6 6 6 6 6 6 6 6 6 6 4 4 4 4 4 4 4 4 4 4 5 5 5 5 5 5 5 5 5 5 16 16 16 16 16 16 16 16 16 16 14 14 14 14 14 14 14 14 14 14 9 9 9 9 9 9 9 9 9 9 ]
Pmin = [ 24 24 24 24 24 24 24 24 24 24 21 21 21 21 21 21 21 21 21 21 25 25 25 25 25 25 25 25 25 25 95 95 95 95 95 95 95 95 95 95 77 77 77 77 77 77 77 77 77 77 45 45 45 45 45 45 45 45 45 45 ]
Pmax = [ 86 86 86 86 86 86 86 86 86 86 61 61 61 61 61 61 61 61 61 61 75 75 75 75 75 75 75 75 75 75 366 366 366 366 366 366 366 366 366 366 312 312 312 312 312 312 312 312 312 312 173 173 173 173 173 173 173 173 173 173 ]
cf = [ 56.4487 56.4487 56.4487 56.4487 56.4487 56.4487 56.4487 56.4487 56.4487 56.4487 49.6572 49.6572 49.6572 49.6572 49.6572 49.6572 49.6572 49.6572 49.6572 49.6572 20.0863 20.0863 20.0863 20.0863 20.0863 20.0863 20.0863 20.0863 20.0863 20.0863 68.5012 68.5012 68.5012 68.5012 68.5012 68.5012 68.5012 68.5012 68.5012 68.5012 69.0392 69.0392 69.0392 69.0392 69.0392 69.0392 69.0392 69.0392 69.0392 69.0392 24.4745 24.4745 24.4745 24.4745 24.4745 24.4745 24.4745 24.4745 24.4745 24.4745 ]
c0 = [ 76 76 76 76 76 76 76 76 76 76 72 72 72 72 72 72 72 72 72 72 73 73 73 73 73 73 73 73 73 73 239 239 239 239 239 239 239 239 239 239 199 199 199 199 199 199 199 199 199 199 140 140 140 140 140 140 140 140 140 140 ]
cp = [ 37.9055 37.9055 37.9055 37.9055 37.9055 37.9055 37.9055 37.9055 37.9055 37.9055 41.9208 41.9208 41.9208 41.9208 41.9208 41.9208 41.9208 41.9208 41.9208 41.9208 40.1061 40.1061 40.1061 40.1061 40.1061 40.1061 40.1061 40.1061 40.1061 40.1061 22.3504 22.3504 22.3504 22.3504 22.3504 22.3504 22.3504 22.3504 22.3504 22.3504 22.9866 22.9866 22.9866 22.9866 22.9866 22.9866 22.9866 22.9866 22.9866 22.9866 36.3074 36.3074 36.3074 36.3074 36.3074 36.3074 36.3074 36.3074 36.3074 36.3074 ]
D = [ 3108 3408 3813 3949 4156 4350 4652 5177 5389 5653 5611 6071 6349 6527 6876 7187 7106 7597 8004 8102 8093 8731 8641 9270 9183 9018 8774 8005 7654 7523 7168 6653 6137 5933 5728 5974 6517 6740 7255 7756 8417 7497 6636 6183 5615 4849 4022 3118 ]
K = 6
nk = [ 1 1 1 1 1 1 1 1 1 1 2 2 2 2 2 2 2 2 2 2 3 3 3 3 3 3 3 3 3 3 4 4 4 4 4 4 4 4 4 4 5 5 5 5 5 5 5 5 5 5 6 6 6 6 6 6 6 6 6 6 ]
First = [ 1 0 0 0 0 0 0 0 0 0 1 0 0 0 0 0 0 0 0 0 1 0 0 0 0 0 0 0 0 0 1 0 0 0 0 0 0 0 0 0 1 0 0 0 0 0 0 0 0 0 1 0 0 0 0 0 0 0 0 0 ]
Last = [ 0 0 0 0 0 0 0 0 0 1 0 0 0 0 0 0 0 0 0 1 0 0 0 0 0 0 0 0 0 1 0 0 0 0 0 0 0 0 0 1 0 0 0 0 0 0 0 0 0 1 0 0 0 0 0 0 0 0 0 1 ]
nS = 1
S = [ 0 1 2 3 4 5 6 7 8 9 10 11 12 13 14 15 16 17 18 19 20 21 22 23 24 25 26 27 28 29 30 31 32 33 34 35 36 37 38 39 40 41 42 43 44 45 46 47 48 49 50 51 52 53 54 55 56 57 58 59 ]
