n = 60 ; 
T = 48 ; 
Init = [ 1 1 1 1 1 1 1 1 1 1 1 1 1 1 1 1 1 1 1 1 1 1 1 1 1 1 1 1 1 1 1 1 1 1 1 1 1 1 1 1 1 1 1 1 1 1 1 1 1 1 1 1 1 1 1 1 1 1 1 1 ]
L = [ 5 5 5 5 5 5 5 5 5 5 5 5 5 5 5 8 8 8 8 8 8 8 8 8 8 8 8 8 8 8 12 12 12 12 12 12 12 12 12 12 12 12 12 12 12 11 11 11 11 11 11 11 11 11 11 11 11 11 11 11 ]
l = [ 5 5 5 5 5 5 5 5 5 5 5 5 5 5 5 8 8 8 8 8 8 8 8 8 8 8 8 8 8 8 12 12 12 12 12 12 12 12 12 12 12 12 12 12 12 11 11 11 11 11 11 11 11 11 11 11 11 11 11 11 ]
Pmin = [ 25 25 25 25 25 25 25 25 25 25 25 25 25 25 25 36 36 36 36 36 36 36 36 36 36 36 36 36 36 36 57 57 57 57 57 57 57 57 57 57 57 57 57 57 57 60 60 60 60 60 60 60 60 60 60 60 60 60 60 60 ]
Pmax = [ 54 54 54 54 54 54 54 54 54 54 54 54 54 54 54 142 142 142 142 142 142 142 142 142 142 142 142 142 142 142 223 223 223 223 223 223 223 223 223 223 223 223 223 223 223 230 230 230 230 230 230 230 230 230 230 230 230 230 230 230 ]
cf = [ 49.2056 49.2056 49.2056 49.2056 49.2056 49.2056 49.2056 49.2056 49.2056 49.2056 49.2056 49.2056 49.2056 49.2056 49.2056 65.9242 65.9242 65.9242 65.9242 65.9242 65.9242 65.9242 65.9242 65.9242 65.9242 65.9242 65.9242 65.9242 65.9242 65.9242 14.9891 14.9891 14.9891 14.9891 14.9891 14.9891 14.9891 14.9891 14.9891 14.9891 14.9891 14.9891 14.9891 14.9891 14.9891 27.1366 27.1366 27.1366 27.1366 27.1366 27.1366 27.1366 27.1366 27.1366 27.1366 27.1366 27.1366 27.1366 27.1366 27.1366 ]
c0 = [ 72 72 72 72 72 72 72 72 72 72 72 72 72 72 72 116 116 116 116 116 116 116 116 116 116 116 116 116 116 116 162 162 162 162 162 162 162 162 162 162 162 162 162 162 162 164 164 164 164 164 164 164 164 164 164 164 164 164 164 164 ]
cp = [ 39.0293 39.0293 39.0293 39.0293 39.0293 39.0293 39.0293 39.0293 39.0293 39.0293 39.0293 39.0293 39.0293 39.0293 39.0293 33.4877 33.4877 33.4877 33.4877 33.4877 33.4877 33.4877 33.4877 33.4877 33.4877 33.4877 33.4877 33.4877 33.4877 33.4877 25.3518 25.3518 25.3518 25.3518 25.3518 25.3518 25.3518 25.3518 25.3518 25.3518 25.3518 25.3518 25.3518 25.3518 25.3518 29.8595 29.8595 29.8595 29.8595 29.8595 29.8595 29.8595 29.8595 29.8595 29.8595 29.8595 29.8595 29.8595 29.8595 29.8595 ]
D = [ 1866 2075 2598 2733 2877 3291 3430 3961 4067 4231 4498 4752 5116 5557 5561 5858 6278 6560 6698 7082 7463 7412 7691 7999 8572 8203 7539 7207 7075 6691 6050 5700 5647 5259 4775 5053 5654 6274 6813 7252 7767 7225 6570 5712 5342 4811 3981 3373 ]
K = 4
nk = [ 1 1 1 1 1 1 1 1 1 1 1 1 1 1 1 2 2 2 2 2 2 2 2 2 2 2 2 2 2 2 3 3 3 3 3 3 3 3 3 3 3 3 3 3 3 4 4 4 4 4 4 4 4 4 4 4 4 4 4 4 ]
First = [ 1 0 0 0 0 0 0 0 0 0 0 0 0 0 0 1 0 0 0 0 0 0 0 0 0 0 0 0 0 0 1 0 0 0 0 0 0 0 0 0 0 0 0 0 0 1 0 0 0 0 0 0 0 0 0 0 0 0 0 0 ]
Last = [ 0 0 0 0 0 0 0 0 0 0 0 0 0 0 1 0 0 0 0 0 0 0 0 0 0 0 0 0 0 1 0 0 0 0 0 0 0 0 0 0 0 0 0 0 1 0 0 0 0 0 0 0 0 0 0 0 0 0 0 1 ]
nS = 1
S = [ 0 1 2 3 4 5 6 7 8 9 10 11 12 13 14 15 16 17 18 19 20 21 22 23 24 25 26 27 28 29 30 31 32 33 34 35 36 37 38 39 40 41 42 43 44 45 46 47 48 49 50 51 52 53 54 55 56 57 58 59 ]
