n = 60 ; 
T = 48 ; 
Init = [ 1 1 1 1 1 1 1 1 1 1 1 1 1 1 1 1 1 1 1 1 0 0 0 0 0 0 0 0 0 0 0 0 0 0 0 0 0 0 0 0 1 1 1 1 1 1 1 1 1 1 1 1 1 1 1 1 1 1 1 1 ]
L = [ 11 11 11 11 11 11 11 11 11 11 11 11 11 11 11 11 11 11 11 11 11 11 11 11 11 11 11 11 11 11 11 11 11 11 11 11 11 11 11 11 9 9 9 9 9 9 9 9 9 9 9 9 9 9 9 9 9 9 9 9 ]
l = [ 11 11 11 11 11 11 11 11 11 11 11 11 11 11 11 11 11 11 11 11 11 11 11 11 11 11 11 11 11 11 11 11 11 11 11 11 11 11 11 11 9 9 9 9 9 9 9 9 9 9 9 9 9 9 9 9 9 9 9 9 ]
Pmin = [ 65 65 65 65 65 65 65 65 65 65 65 65 65 65 65 65 65 65 65 65 61 61 61 61 61 61 61 61 61 61 61 61 61 61 61 61 61 61 61 61 44 44 44 44 44 44 44 44 44 44 44 44 44 44 44 44 44 44 44 44 ]
Pmax = [ 236 236 236 236 236 236 236 236 236 236 236 236 236 236 236 236 236 236 236 236 212 212 212 212 212 212 212 212 212 212 212 212 212 212 212 212 212 212 212 212 163 163 163 163 163 163 163 163 163 163 163 163 163 163 163 163 163 163 163 163 ]
cf = [ 44.8133 44.8133 44.8133 44.8133 44.8133 44.8133 44.8133 44.8133 44.8133 44.8133 44.8133 44.8133 44.8133 44.8133 44.8133 44.8133 44.8133 44.8133 44.8133 44.8133 50.2707 50.2707 50.2707 50.2707 50.2707 50.2707 50.2707 50.2707 50.2707 50.2707 50.2707 50.2707 50.2707 50.2707 50.2707 50.2707 50.2707 50.2707 50.2707 50.2707 22.9031 22.9031 22.9031 22.9031 22.9031 22.9031 22.9031 22.9031 22.9031 22.9031 22.9031 22.9031 22.9031 22.9031 22.9031 22.9031 22.9031 22.9031 22.9031 22.9031 ]
c0 = [ 172 172 172 172 172 172 172 172 172 172 172 172 172 172 172 172 172 172 172 172 163 163 163 163 163 163 163 163 163 163 163 163 163 163 163 163 163 163 163 163 119 119 119 119 119 119 119 119 119 119 119 119 119 119 119 119 119 119 119 119 ]
cp = [ 32.8964 32.8964 32.8964 32.8964 32.8964 32.8964 32.8964 32.8964 32.8964 32.8964 32.8964 32.8964 32.8964 32.8964 32.8964 32.8964 32.8964 32.8964 32.8964 32.8964 28.9538 28.9538 28.9538 28.9538 28.9538 28.9538 28.9538 28.9538 28.9538 28.9538 28.9538 28.9538 28.9538 28.9538 28.9538 28.9538 28.9538 28.9538 28.9538 28.9538 30.5189 30.5189 30.5189 30.5189 30.5189 30.5189 30.5189 30.5189 30.5189 30.5189 30.5189 30.5189 30.5189 30.5189 30.5189 30.5189 30.5189 30.5189 30.5189 30.5189 ]
D = [ 3577 3603 4197 4500 4434 4789 5228 5576 5395 5647 6358 6306 6505 6895 7292 7415 7596 7935 8084 8563 8903 9111 9536 9818 9920 9584 9311 8878 8386 8333 7953 7722 6936 6881 6683 6789 7071 7780 7965 8285 8977 8025 7422 6953 6121 5158 4542 4112 ]
K = 3
nk = [ 1 1 1 1 1 1 1 1 1 1 1 1 1 1 1 1 1 1 1 1 2 2 2 2 2 2 2 2 2 2 2 2 2 2 2 2 2 2 2 2 3 3 3 3 3 3 3 3 3 3 3 3 3 3 3 3 3 3 3 3 ]
First = [ 1 0 0 0 0 0 0 0 0 0 0 0 0 0 0 0 0 0 0 0 1 0 0 0 0 0 0 0 0 0 0 0 0 0 0 0 0 0 0 0 1 0 0 0 0 0 0 0 0 0 0 0 0 0 0 0 0 0 0 0 ]
Last = [ 0 0 0 0 0 0 0 0 0 0 0 0 0 0 0 0 0 0 0 1 0 0 0 0 0 0 0 0 0 0 0 0 0 0 0 0 0 0 0 1 0 0 0 0 0 0 0 0 0 0 0 0 0 0 0 0 0 0 0 1 ]
nS = 1
S = [ 0 1 2 3 4 5 6 7 8 9 10 11 12 13 14 15 16 17 18 19 20 21 22 23 24 25 26 27 28 29 30 31 32 33 34 35 36 37 38 39 40 41 42 43 44 45 46 47 48 49 50 51 52 53 54 55 56 57 58 59 ]
