n = 60 ; 
T = 48 ; 
Init = [ 0 0 0 0 0 0 0 0 0 0 0 0 0 0 0 1 1 1 1 1 1 1 1 1 1 1 1 1 1 1 0 0 0 0 0 0 0 0 0 0 0 0 0 0 0 0 0 0 0 0 0 0 0 0 0 0 0 0 0 0 ]
L = [ 13 13 13 13 13 13 13 13 13 13 13 13 13 13 13 6 6 6 6 6 6 6 6 6 6 6 6 6 6 6 16 16 16 16 16 16 16 16 16 16 16 16 16 16 16 10 10 10 10 10 10 10 10 10 10 10 10 10 10 10 ]
l = [ 13 13 13 13 13 13 13 13 13 13 13 13 13 13 13 6 6 6 6 6 6 6 6 6 6 6 6 6 6 6 16 16 16 16 16 16 16 16 16 16 16 16 16 16 16 10 10 10 10 10 10 10 10 10 10 10 10 10 10 10 ]
Pmin = [ 69 69 69 69 69 69 69 69 69 69 69 69 69 69 69 30 30 30 30 30 30 30 30 30 30 30 30 30 30 30 82 82 82 82 82 82 82 82 82 82 82 82 82 82 82 53 53 53 53 53 53 53 53 53 53 53 53 53 53 53 ]
Pmax = [ 273 273 273 273 273 273 273 273 273 273 273 273 273 273 273 106 106 106 106 106 106 106 106 106 106 106 106 106 106 106 330 330 330 330 330 330 330 330 330 330 330 330 330 330 330 211 211 211 211 211 211 211 211 211 211 211 211 211 211 211 ]
cf = [ 14.5788 14.5788 14.5788 14.5788 14.5788 14.5788 14.5788 14.5788 14.5788 14.5788 14.5788 14.5788 14.5788 14.5788 14.5788 46.9542 46.9542 46.9542 46.9542 46.9542 46.9542 46.9542 46.9542 46.9542 46.9542 46.9542 46.9542 46.9542 46.9542 46.9542 33.8005 33.8005 33.8005 33.8005 33.8005 33.8005 33.8005 33.8005 33.8005 33.8005 33.8005 33.8005 33.8005 33.8005 33.8005 58.6048 58.6048 58.6048 58.6048 58.6048 58.6048 58.6048 58.6048 58.6048 58.6048 58.6048 58.6048 58.6048 58.6048 58.6048 ]
c0 = [ 186 186 186 186 186 186 186 186 186 186 186 186 186 186 186 89 89 89 89 89 89 89 89 89 89 89 89 89 89 89 223 223 223 223 223 223 223 223 223 223 223 223 223 223 223 152 152 152 152 152 152 152 152 152 152 152 152 152 152 152 ]
cp = [ 30.258 30.258 30.258 30.258 30.258 30.258 30.258 30.258 30.258 30.258 30.258 30.258 30.258 30.258 30.258 39.0425 39.0425 39.0425 39.0425 39.0425 39.0425 39.0425 39.0425 39.0425 39.0425 39.0425 39.0425 39.0425 39.0425 39.0425 15.0081 15.0081 15.0081 15.0081 15.0081 15.0081 15.0081 15.0081 15.0081 15.0081 15.0081 15.0081 15.0081 15.0081 15.0081 31.2271 31.2271 31.2271 31.2271 31.2271 31.2271 31.2271 31.2271 31.2271 31.2271 31.2271 31.2271 31.2271 31.2271 31.2271 ]
D = [ 3061 3199 3902 3949 4632 4875 5527 5531 6162 6631 6564 6922 7780 8083 8400 8839 8851 9546 9631 10394 10499 10696 11328 11832 11857 11663 10691 10276 9994 9448 8941 8058 7829 7101 6444 7161 8041 8298 9199 9785 10691 9717 8853 8256 7213 6293 5762 4911 ]
K = 4
nk = [ 1 1 1 1 1 1 1 1 1 1 1 1 1 1 1 2 2 2 2 2 2 2 2 2 2 2 2 2 2 2 3 3 3 3 3 3 3 3 3 3 3 3 3 3 3 4 4 4 4 4 4 4 4 4 4 4 4 4 4 4 ]
First = [ 1 0 0 0 0 0 0 0 0 0 0 0 0 0 0 1 0 0 0 0 0 0 0 0 0 0 0 0 0 0 1 0 0 0 0 0 0 0 0 0 0 0 0 0 0 1 0 0 0 0 0 0 0 0 0 0 0 0 0 0 ]
Last = [ 0 0 0 0 0 0 0 0 0 0 0 0 0 0 1 0 0 0 0 0 0 0 0 0 0 0 0 0 0 1 0 0 0 0 0 0 0 0 0 0 0 0 0 0 1 0 0 0 0 0 0 0 0 0 0 0 0 0 0 1 ]
nS = 1
S = [ 0 1 2 3 4 5 6 7 8 9 10 11 12 13 14 15 16 17 18 19 20 21 22 23 24 25 26 27 28 29 30 31 32 33 34 35 36 37 38 39 40 41 42 43 44 45 46 47 48 49 50 51 52 53 54 55 56 57 58 59 ]
