n = 60 ; 
T = 48 ; 
Init = [ 1 1 1 1 1 1 1 1 1 1 1 1 1 1 1 1 1 1 1 1 1 1 1 1 1 1 1 1 1 1 1 1 1 1 1 1 1 1 1 1 0 0 0 0 0 0 0 0 0 0 0 0 0 0 0 0 0 0 0 0 ]
L = [ 5 5 5 5 5 5 5 5 5 5 5 5 5 5 5 5 5 5 5 5 7 7 7 7 7 7 7 7 7 7 7 7 7 7 7 7 7 7 7 7 17 17 17 17 17 17 17 17 17 17 17 17 17 17 17 17 17 17 17 17 ]
l = [ 5 5 5 5 5 5 5 5 5 5 5 5 5 5 5 5 5 5 5 5 7 7 7 7 7 7 7 7 7 7 7 7 7 7 7 7 7 7 7 7 17 17 17 17 17 17 17 17 17 17 17 17 17 17 17 17 17 17 17 17 ]
Pmin = [ 29 29 29 29 29 29 29 29 29 29 29 29 29 29 29 29 29 29 29 29 37 37 37 37 37 37 37 37 37 37 37 37 37 37 37 37 37 37 37 37 98 98 98 98 98 98 98 98 98 98 98 98 98 98 98 98 98 98 98 98 ]
Pmax = [ 84 84 84 84 84 84 84 84 84 84 84 84 84 84 84 84 84 84 84 84 111 111 111 111 111 111 111 111 111 111 111 111 111 111 111 111 111 111 111 111 377 377 377 377 377 377 377 377 377 377 377 377 377 377 377 377 377 377 377 377 ]
cf = [ 40.3573 40.3573 40.3573 40.3573 40.3573 40.3573 40.3573 40.3573 40.3573 40.3573 40.3573 40.3573 40.3573 40.3573 40.3573 40.3573 40.3573 40.3573 40.3573 40.3573 56.8787 56.8787 56.8787 56.8787 56.8787 56.8787 56.8787 56.8787 56.8787 56.8787 56.8787 56.8787 56.8787 56.8787 56.8787 56.8787 56.8787 56.8787 56.8787 56.8787 64.4653 64.4653 64.4653 64.4653 64.4653 64.4653 64.4653 64.4653 64.4653 64.4653 64.4653 64.4653 64.4653 64.4653 64.4653 64.4653 64.4653 64.4653 64.4653 64.4653 ]
c0 = [ 100 100 100 100 100 100 100 100 100 100 100 100 100 100 100 100 100 100 100 100 120 120 120 120 120 120 120 120 120 120 120 120 120 120 120 120 120 120 120 120 250 250 250 250 250 250 250 250 250 250 250 250 250 250 250 250 250 250 250 250 ]
cp = [ 34.5463 34.5463 34.5463 34.5463 34.5463 34.5463 34.5463 34.5463 34.5463 34.5463 34.5463 34.5463 34.5463 34.5463 34.5463 34.5463 34.5463 34.5463 34.5463 34.5463 34.3429 34.3429 34.3429 34.3429 34.3429 34.3429 34.3429 34.3429 34.3429 34.3429 34.3429 34.3429 34.3429 34.3429 34.3429 34.3429 34.3429 34.3429 34.3429 34.3429 13.2762 13.2762 13.2762 13.2762 13.2762 13.2762 13.2762 13.2762 13.2762 13.2762 13.2762 13.2762 13.2762 13.2762 13.2762 13.2762 13.2762 13.2762 13.2762 13.2762 ]
D = [ 3141 3148 3419 3966 4272 4377 4738 5092 5016 5177 5798 5833 5947 6354 6524 6803 7024 7255 7600 8069 7995 8545 8540 8799 9122 8952 8625 8106 7542 7547 6889 6727 6482 5836 5506 6244 6838 7088 7922 8183 8794 8196 7356 6484 5578 5107 4257 3315 ]
K = 3
nk = [ 1 1 1 1 1 1 1 1 1 1 1 1 1 1 1 1 1 1 1 1 2 2 2 2 2 2 2 2 2 2 2 2 2 2 2 2 2 2 2 2 3 3 3 3 3 3 3 3 3 3 3 3 3 3 3 3 3 3 3 3 ]
First = [ 1 0 0 0 0 0 0 0 0 0 0 0 0 0 0 0 0 0 0 0 1 0 0 0 0 0 0 0 0 0 0 0 0 0 0 0 0 0 0 0 1 0 0 0 0 0 0 0 0 0 0 0 0 0 0 0 0 0 0 0 ]
Last = [ 0 0 0 0 0 0 0 0 0 0 0 0 0 0 0 0 0 0 0 1 0 0 0 0 0 0 0 0 0 0 0 0 0 0 0 0 0 0 0 1 0 0 0 0 0 0 0 0 0 0 0 0 0 0 0 0 0 0 0 1 ]
nS = 1
S = [ 0 1 2 3 4 5 6 7 8 9 10 11 12 13 14 15 16 17 18 19 20 21 22 23 24 25 26 27 28 29 30 31 32 33 34 35 36 37 38 39 40 41 42 43 44 45 46 47 48 49 50 51 52 53 54 55 56 57 58 59 ]
