n = 60 ; 
T = 48 ; 
Init = [ 1 1 1 1 1 1 1 1 1 1 1 1 1 1 1 0 0 0 0 0 0 0 0 0 0 0 0 0 0 0 0 0 0 0 0 0 0 0 0 0 0 0 0 0 0 0 0 0 0 0 0 0 0 0 0 0 0 0 0 0 ]
L = [ 16 16 16 16 16 16 16 16 16 16 16 16 16 16 16 18 18 18 18 18 18 18 18 18 18 18 18 18 18 18 15 15 15 15 15 15 15 15 15 15 15 15 15 15 15 7 7 7 7 7 7 7 7 7 7 7 7 7 7 7 ]
l = [ 16 16 16 16 16 16 16 16 16 16 16 16 16 16 16 18 18 18 18 18 18 18 18 18 18 18 18 18 18 18 15 15 15 15 15 15 15 15 15 15 15 15 15 15 15 7 7 7 7 7 7 7 7 7 7 7 7 7 7 7 ]
Pmin = [ 85 85 85 85 85 85 85 85 85 85 85 85 85 85 85 100 100 100 100 100 100 100 100 100 100 100 100 100 100 100 75 75 75 75 75 75 75 75 75 75 75 75 75 75 75 30 30 30 30 30 30 30 30 30 30 30 30 30 30 30 ]
Pmax = [ 352 352 352 352 352 352 352 352 352 352 352 352 352 352 352 413 413 413 413 413 413 413 413 413 413 413 413 413 413 413 301 301 301 301 301 301 301 301 301 301 301 301 301 301 301 112 112 112 112 112 112 112 112 112 112 112 112 112 112 112 ]
cf = [ 64.3883 64.3883 64.3883 64.3883 64.3883 64.3883 64.3883 64.3883 64.3883 64.3883 64.3883 64.3883 64.3883 64.3883 64.3883 39.6061 39.6061 39.6061 39.6061 39.6061 39.6061 39.6061 39.6061 39.6061 39.6061 39.6061 39.6061 39.6061 39.6061 39.6061 35.0755 35.0755 35.0755 35.0755 35.0755 35.0755 35.0755 35.0755 35.0755 35.0755 35.0755 35.0755 35.0755 35.0755 35.0755 31.186 31.186 31.186 31.186 31.186 31.186 31.186 31.186 31.186 31.186 31.186 31.186 31.186 31.186 31.186 ]
c0 = [ 225 225 225 225 225 225 225 225 225 225 225 225 225 225 225 250 250 250 250 250 250 250 250 250 250 250 250 250 250 250 199 199 199 199 199 199 199 199 199 199 199 199 199 199 199 103 103 103 103 103 103 103 103 103 103 103 103 103 103 103 ]
cp = [ 18.5591 18.5591 18.5591 18.5591 18.5591 18.5591 18.5591 18.5591 18.5591 18.5591 18.5591 18.5591 18.5591 18.5591 18.5591 10.7975 10.7975 10.7975 10.7975 10.7975 10.7975 10.7975 10.7975 10.7975 10.7975 10.7975 10.7975 10.7975 10.7975 10.7975 16.2456 16.2456 16.2456 16.2456 16.2456 16.2456 16.2456 16.2456 16.2456 16.2456 16.2456 16.2456 16.2456 16.2456 16.2456 39.4995 39.4995 39.4995 39.4995 39.4995 39.4995 39.4995 39.4995 39.4995 39.4995 39.4995 39.4995 39.4995 39.4995 39.4995 ]
D = [ 3855 4588 4613 5589 5703 6051 6838 7372 7488 7757 8742 8843 9405 10021 10206 10807 10918 11182 12210 12008 12804 13424 13884 14052 14532 14062 13490 12812 12149 11107 10982 10490 9747 9214 8557 9038 10669 11203 12491 13097 14173 13235 12145 10572 9815 8477 7071 5993 ]
K = 4
nk = [ 1 1 1 1 1 1 1 1 1 1 1 1 1 1 1 2 2 2 2 2 2 2 2 2 2 2 2 2 2 2 3 3 3 3 3 3 3 3 3 3 3 3 3 3 3 4 4 4 4 4 4 4 4 4 4 4 4 4 4 4 ]
First = [ 1 0 0 0 0 0 0 0 0 0 0 0 0 0 0 1 0 0 0 0 0 0 0 0 0 0 0 0 0 0 1 0 0 0 0 0 0 0 0 0 0 0 0 0 0 1 0 0 0 0 0 0 0 0 0 0 0 0 0 0 ]
Last = [ 0 0 0 0 0 0 0 0 0 0 0 0 0 0 1 0 0 0 0 0 0 0 0 0 0 0 0 0 0 1 0 0 0 0 0 0 0 0 0 0 0 0 0 0 1 0 0 0 0 0 0 0 0 0 0 0 0 0 0 1 ]
nS = 1
S = [ 0 1 2 3 4 5 6 7 8 9 10 11 12 13 14 15 16 17 18 19 20 21 22 23 24 25 26 27 28 29 30 31 32 33 34 35 36 37 38 39 40 41 42 43 44 45 46 47 48 49 50 51 52 53 54 55 56 57 58 59 ]
