n = 60 ; 
T = 48 ; 
Init = [ 0 0 0 0 0 0 0 0 0 0 0 0 0 0 0 1 1 1 1 1 1 1 1 1 1 1 1 1 1 1 0 0 0 0 0 0 0 0 0 0 0 0 0 0 0 0 0 0 0 0 0 0 0 0 0 0 0 0 0 0 ]
L = [ 14 14 14 14 14 14 14 14 14 14 14 14 14 14 14 5 5 5 5 5 5 5 5 5 5 5 5 5 5 5 9 9 9 9 9 9 9 9 9 9 9 9 9 9 9 19 19 19 19 19 19 19 19 19 19 19 19 19 19 19 ]
l = [ 14 14 14 14 14 14 14 14 14 14 14 14 14 14 14 5 5 5 5 5 5 5 5 5 5 5 5 5 5 5 9 9 9 9 9 9 9 9 9 9 9 9 9 9 9 19 19 19 19 19 19 19 19 19 19 19 19 19 19 19 ]
Pmin = [ 79 79 79 79 79 79 79 79 79 79 79 79 79 79 79 30 30 30 30 30 30 30 30 30 30 30 30 30 30 30 39 39 39 39 39 39 39 39 39 39 39 39 39 39 39 100 100 100 100 100 100 100 100 100 100 100 100 100 100 100 ]
Pmax = [ 301 301 301 301 301 301 301 301 301 301 301 301 301 301 301 84 84 84 84 84 84 84 84 84 84 84 84 84 84 84 141 141 141 141 141 141 141 141 141 141 141 141 141 141 141 420 420 420 420 420 420 420 420 420 420 420 420 420 420 420 ]
cf = [ 62.3687 62.3687 62.3687 62.3687 62.3687 62.3687 62.3687 62.3687 62.3687 62.3687 62.3687 62.3687 62.3687 62.3687 62.3687 18.4445 18.4445 18.4445 18.4445 18.4445 18.4445 18.4445 18.4445 18.4445 18.4445 18.4445 18.4445 18.4445 18.4445 18.4445 38.1177 38.1177 38.1177 38.1177 38.1177 38.1177 38.1177 38.1177 38.1177 38.1177 38.1177 38.1177 38.1177 38.1177 38.1177 68.9794 68.9794 68.9794 68.9794 68.9794 68.9794 68.9794 68.9794 68.9794 68.9794 68.9794 68.9794 68.9794 68.9794 68.9794 ]
c0 = [ 218 218 218 218 218 218 218 218 218 218 218 218 218 218 218 90 90 90 90 90 90 90 90 90 90 90 90 90 90 90 110 110 110 110 110 110 110 110 110 110 110 110 110 110 110 250 250 250 250 250 250 250 250 250 250 250 250 250 250 250 ]
cp = [ 12.744 12.744 12.744 12.744 12.744 12.744 12.744 12.744 12.744 12.744 12.744 12.744 12.744 12.744 12.744 37.7586 37.7586 37.7586 37.7586 37.7586 37.7586 37.7586 37.7586 37.7586 37.7586 37.7586 37.7586 37.7586 37.7586 37.7586 29.817 29.817 29.817 29.817 29.817 29.817 29.817 29.817 29.817 29.817 29.817 29.817 29.817 29.817 29.817 10.0696 10.0696 10.0696 10.0696 10.0696 10.0696 10.0696 10.0696 10.0696 10.0696 10.0696 10.0696 10.0696 10.0696 10.0696 ]
D = [ 3124 3150 3642 4140 4629 4719 5525 5659 6237 6548 6674 7291 7709 7892 8531 9003 9322 9863 10085 10760 11082 11070 11789 12028 12465 12156 11460 10851 10317 9821 9231 9212 8345 7851 7365 8292 8623 9113 9776 10290 11260 10075 9230 8075 7244 6073 5562 4652 ]
K = 4
nk = [ 1 1 1 1 1 1 1 1 1 1 1 1 1 1 1 2 2 2 2 2 2 2 2 2 2 2 2 2 2 2 3 3 3 3 3 3 3 3 3 3 3 3 3 3 3 4 4 4 4 4 4 4 4 4 4 4 4 4 4 4 ]
First = [ 1 0 0 0 0 0 0 0 0 0 0 0 0 0 0 1 0 0 0 0 0 0 0 0 0 0 0 0 0 0 1 0 0 0 0 0 0 0 0 0 0 0 0 0 0 1 0 0 0 0 0 0 0 0 0 0 0 0 0 0 ]
Last = [ 0 0 0 0 0 0 0 0 0 0 0 0 0 0 1 0 0 0 0 0 0 0 0 0 0 0 0 0 0 1 0 0 0 0 0 0 0 0 0 0 0 0 0 0 1 0 0 0 0 0 0 0 0 0 0 0 0 0 0 1 ]
nS = 1
S = [ 0 1 2 3 4 5 6 7 8 9 10 11 12 13 14 15 16 17 18 19 20 21 22 23 24 25 26 27 28 29 30 31 32 33 34 35 36 37 38 39 40 41 42 43 44 45 46 47 48 49 50 51 52 53 54 55 56 57 58 59 ]
