n = 60 ; 
T = 48 ; 
Init = [ 1 1 1 1 1 1 1 1 1 1 1 1 1 1 1 1 1 1 1 1 1 1 1 1 0 0 0 0 0 0 0 0 0 0 0 0 1 1 1 1 1 1 1 1 1 1 1 1 1 1 1 1 1 1 1 1 1 1 1 1 ]
L = [ 7 7 7 7 7 7 7 7 7 7 7 7 7 7 7 7 7 7 7 7 7 7 7 7 15 15 15 15 15 15 15 15 15 15 15 15 10 10 10 10 10 10 10 10 10 10 10 10 8 8 8 8 8 8 8 8 8 8 8 8 ]
l = [ 7 7 7 7 7 7 7 7 7 7 7 7 7 7 7 7 7 7 7 7 7 7 7 7 15 15 15 15 15 15 15 15 15 15 15 15 10 10 10 10 10 10 10 10 10 10 10 10 8 8 8 8 8 8 8 8 8 8 8 8 ]
Pmin = [ 30 30 30 30 30 30 30 30 30 30 30 30 33 33 33 33 33 33 33 33 33 33 33 33 79 79 79 79 79 79 79 79 79 79 79 79 53 53 53 53 53 53 53 53 53 53 53 53 36 36 36 36 36 36 36 36 36 36 36 36 ]
Pmax = [ 91 91 91 91 91 91 91 91 91 91 91 91 98 98 98 98 98 98 98 98 98 98 98 98 321 321 321 321 321 321 321 321 321 321 321 321 187 187 187 187 187 187 187 187 187 187 187 187 138 138 138 138 138 138 138 138 138 138 138 138 ]
cf = [ 12.4183 12.4183 12.4183 12.4183 12.4183 12.4183 12.4183 12.4183 12.4183 12.4183 12.4183 12.4183 41.7217 41.7217 41.7217 41.7217 41.7217 41.7217 41.7217 41.7217 41.7217 41.7217 41.7217 41.7217 23.8174 23.8174 23.8174 23.8174 23.8174 23.8174 23.8174 23.8174 23.8174 23.8174 23.8174 23.8174 19.7585 19.7585 19.7585 19.7585 19.7585 19.7585 19.7585 19.7585 19.7585 19.7585 19.7585 19.7585 14.6965 14.6965 14.6965 14.6965 14.6965 14.6965 14.6965 14.6965 14.6965 14.6965 14.6965 14.6965 ]
c0 = [ 88 88 88 88 88 88 88 88 88 88 88 88 110 110 110 110 110 110 110 110 110 110 110 110 205 205 205 205 205 205 205 205 205 205 205 205 150 150 150 150 150 150 150 150 150 150 150 150 112 112 112 112 112 112 112 112 112 112 112 112 ]
cp = [ 32.0079 32.0079 32.0079 32.0079 32.0079 32.0079 32.0079 32.0079 32.0079 32.0079 32.0079 32.0079 35.7026 35.7026 35.7026 35.7026 35.7026 35.7026 35.7026 35.7026 35.7026 35.7026 35.7026 35.7026 23.9917 23.9917 23.9917 23.9917 23.9917 23.9917 23.9917 23.9917 23.9917 23.9917 23.9917 23.9917 34.5903 34.5903 34.5903 34.5903 34.5903 34.5903 34.5903 34.5903 34.5903 34.5903 34.5903 34.5903 35.7663 35.7663 35.7663 35.7663 35.7663 35.7663 35.7663 35.7663 35.7663 35.7663 35.7663 35.7663 ]
D = [ 2885 3056 3190 3292 3781 3860 4189 4306 4506 4747 5154 5279 5382 5692 5804 6053 6209 6737 6817 7109 7454 7413 7634 8052 8059 7996 7505 7204 6870 6591 6229 5854 5517 5061 4960 5168 5648 5932 6429 6881 7176 6547 5991 5256 4707 4436 3721 3100 ]
K = 5
nk = [ 1 1 1 1 1 1 1 1 1 1 1 1 2 2 2 2 2 2 2 2 2 2 2 2 3 3 3 3 3 3 3 3 3 3 3 3 4 4 4 4 4 4 4 4 4 4 4 4 5 5 5 5 5 5 5 5 5 5 5 5 ]
First = [ 1 0 0 0 0 0 0 0 0 0 0 0 1 0 0 0 0 0 0 0 0 0 0 0 1 0 0 0 0 0 0 0 0 0 0 0 1 0 0 0 0 0 0 0 0 0 0 0 1 0 0 0 0 0 0 0 0 0 0 0 ]
Last = [ 0 0 0 0 0 0 0 0 0 0 0 1 0 0 0 0 0 0 0 0 0 0 0 1 0 0 0 0 0 0 0 0 0 0 0 1 0 0 0 0 0 0 0 0 0 0 0 1 0 0 0 0 0 0 0 0 0 0 0 1 ]
nS = 1
S = [ 0 1 2 3 4 5 6 7 8 9 10 11 12 13 14 15 16 17 18 19 20 21 22 23 24 25 26 27 28 29 30 31 32 33 34 35 36 37 38 39 40 41 42 43 44 45 46 47 48 49 50 51 52 53 54 55 56 57 58 59 ]
