n = 60 ; 
T = 48 ; 
Init = [ 1 1 1 1 1 1 1 1 1 1 1 1 1 1 1 1 1 1 1 1 0 0 0 0 0 0 0 0 0 0 0 0 0 0 0 0 0 0 0 0 0 0 0 0 0 0 0 0 0 0 0 0 0 0 0 0 0 0 0 0 ]
L = [ 7 7 7 7 7 7 7 7 7 7 9 9 9 9 9 9 9 9 9 9 8 8 8 8 8 8 8 8 8 8 13 13 13 13 13 13 13 13 13 13 18 18 18 18 18 18 18 18 18 18 9 9 9 9 9 9 9 9 9 9 ]
l = [ 7 7 7 7 7 7 7 7 7 7 9 9 9 9 9 9 9 9 9 9 8 8 8 8 8 8 8 8 8 8 13 13 13 13 13 13 13 13 13 13 18 18 18 18 18 18 18 18 18 18 9 9 9 9 9 9 9 9 9 9 ]
Pmin = [ 29 29 29 29 29 29 29 29 29 29 49 49 49 49 49 49 49 49 49 49 33 33 33 33 33 33 33 33 33 33 64 64 64 64 64 64 64 64 64 64 92 92 92 92 92 92 92 92 92 92 45 45 45 45 45 45 45 45 45 45 ]
Pmax = [ 108 108 108 108 108 108 108 108 108 108 166 166 166 166 166 166 166 166 166 166 127 127 127 127 127 127 127 127 127 127 245 245 245 245 245 245 245 245 245 245 367 367 367 367 367 367 367 367 367 367 179 179 179 179 179 179 179 179 179 179 ]
cf = [ 19.7811 19.7811 19.7811 19.7811 19.7811 19.7811 19.7811 19.7811 19.7811 19.7811 16.9657 16.9657 16.9657 16.9657 16.9657 16.9657 16.9657 16.9657 16.9657 16.9657 30.6368 30.6368 30.6368 30.6368 30.6368 30.6368 30.6368 30.6368 30.6368 30.6368 26.8524 26.8524 26.8524 26.8524 26.8524 26.8524 26.8524 26.8524 26.8524 26.8524 58.2867 58.2867 58.2867 58.2867 58.2867 58.2867 58.2867 58.2867 58.2867 58.2867 18.3008 18.3008 18.3008 18.3008 18.3008 18.3008 18.3008 18.3008 18.3008 18.3008 ]
c0 = [ 103 103 103 103 103 103 103 103 103 103 146 146 146 146 146 146 146 146 146 146 101 101 101 101 101 101 101 101 101 101 182 182 182 182 182 182 182 182 182 182 237 237 237 237 237 237 237 237 237 237 125 125 125 125 125 125 125 125 125 125 ]
cp = [ 32.9347 32.9347 32.9347 32.9347 32.9347 32.9347 32.9347 32.9347 32.9347 32.9347 20.2961 20.2961 20.2961 20.2961 20.2961 20.2961 20.2961 20.2961 20.2961 20.2961 36.9895 36.9895 36.9895 36.9895 36.9895 36.9895 36.9895 36.9895 36.9895 36.9895 30.295 30.295 30.295 30.295 30.295 30.295 30.295 30.295 30.295 30.295 17.3902 17.3902 17.3902 17.3902 17.3902 17.3902 17.3902 17.3902 17.3902 17.3902 27.8953 27.8953 27.8953 27.8953 27.8953 27.8953 27.8953 27.8953 27.8953 27.8953 ]
D = [ 2480 2824 3368 3605 3944 4015 4603 4874 5157 5370 5944 6342 6349 6648 7217 7739 7667 8137 8743 8731 9216 9519 9874 10042 10768 10303 9604 9482 8885 8254 8106 7755 7137 6725 6279 6589 7313 7567 8294 8969 9104 8342 7830 6861 6067 5317 4539 3818 ]
K = 6
nk = [ 1 1 1 1 1 1 1 1 1 1 2 2 2 2 2 2 2 2 2 2 3 3 3 3 3 3 3 3 3 3 4 4 4 4 4 4 4 4 4 4 5 5 5 5 5 5 5 5 5 5 6 6 6 6 6 6 6 6 6 6 ]
First = [ 1 0 0 0 0 0 0 0 0 0 1 0 0 0 0 0 0 0 0 0 1 0 0 0 0 0 0 0 0 0 1 0 0 0 0 0 0 0 0 0 1 0 0 0 0 0 0 0 0 0 1 0 0 0 0 0 0 0 0 0 ]
Last = [ 0 0 0 0 0 0 0 0 0 1 0 0 0 0 0 0 0 0 0 1 0 0 0 0 0 0 0 0 0 1 0 0 0 0 0 0 0 0 0 1 0 0 0 0 0 0 0 0 0 1 0 0 0 0 0 0 0 0 0 1 ]
nS = 1
S = [ 0 1 2 3 4 5 6 7 8 9 10 11 12 13 14 15 16 17 18 19 20 21 22 23 24 25 26 27 28 29 30 31 32 33 34 35 36 37 38 39 40 41 42 43 44 45 46 47 48 49 50 51 52 53 54 55 56 57 58 59 ]
