n = 60 ; 
T = 48 ; 
Init = [ 0 0 0 0 0 0 0 0 0 0 0 0 0 0 0 0 0 0 0 0 0 0 0 0 0 0 0 0 0 0 0 0 0 0 0 0 0 0 0 0 0 0 0 0 0 0 0 0 0 0 0 0 0 0 0 0 0 0 0 0 ]
L = [ 10 10 10 10 10 10 10 10 10 10 10 10 10 10 10 10 10 10 10 10 10 10 10 10 10 10 10 10 10 10 12 12 12 12 12 12 12 12 12 12 12 12 12 12 12 7 7 7 7 7 7 7 7 7 7 7 7 7 7 7 ]
l = [ 10 10 10 10 10 10 10 10 10 10 10 10 10 10 10 10 10 10 10 10 10 10 10 10 10 10 10 10 10 10 12 12 12 12 12 12 12 12 12 12 12 12 12 12 12 7 7 7 7 7 7 7 7 7 7 7 7 7 7 7 ]
Pmin = [ 52 52 52 52 52 52 52 52 52 52 52 52 52 52 52 43 43 43 43 43 43 43 43 43 43 43 43 43 43 43 65 65 65 65 65 65 65 65 65 65 65 65 65 65 65 35 35 35 35 35 35 35 35 35 35 35 35 35 35 35 ]
Pmax = [ 205 205 205 205 205 205 205 205 205 205 205 205 205 205 205 171 171 171 171 171 171 171 171 171 171 171 171 171 171 171 249 249 249 249 249 249 249 249 249 249 249 249 249 249 249 121 121 121 121 121 121 121 121 121 121 121 121 121 121 121 ]
cf = [ 41.25 41.25 41.25 41.25 41.25 41.25 41.25 41.25 41.25 41.25 41.25 41.25 41.25 41.25 41.25 49.78 49.78 49.78 49.78 49.78 49.78 49.78 49.78 49.78 49.78 49.78 49.78 49.78 49.78 49.78 51.404 51.404 51.404 51.404 51.404 51.404 51.404 51.404 51.404 51.404 51.404 51.404 51.404 51.404 51.404 47.3149 47.3149 47.3149 47.3149 47.3149 47.3149 47.3149 47.3149 47.3149 47.3149 47.3149 47.3149 47.3149 47.3149 47.3149 ]
c0 = [ 138 138 138 138 138 138 138 138 138 138 138 138 138 138 138 123 123 123 123 123 123 123 123 123 123 123 123 123 123 123 167 167 167 167 167 167 167 167 167 167 167 167 167 167 167 117 117 117 117 117 117 117 117 117 117 117 117 117 117 117 ]
cp = [ 21.0343 21.0343 21.0343 21.0343 21.0343 21.0343 21.0343 21.0343 21.0343 21.0343 21.0343 21.0343 21.0343 21.0343 21.0343 26.7217 26.7217 26.7217 26.7217 26.7217 26.7217 26.7217 26.7217 26.7217 26.7217 26.7217 26.7217 26.7217 26.7217 26.7217 25.5096 25.5096 25.5096 25.5096 25.5096 25.5096 25.5096 25.5096 25.5096 25.5096 25.5096 25.5096 25.5096 25.5096 25.5096 38.5664 38.5664 38.5664 38.5664 38.5664 38.5664 38.5664 38.5664 38.5664 38.5664 38.5664 38.5664 38.5664 38.5664 38.5664 ]
D = [ 3127 3554 3682 4195 4249 4389 4779 5206 5222 5596 5659 5875 6002 6639 6526 7062 7339 7292 7766 7886 8063 8506 8802 8979 9241 8952 8459 7800 7519 7421 6782 6463 6101 5796 5298 6003 6403 6860 7300 7474 8062 7196 6663 6007 5089 4647 3837 3401 ]
K = 4
nk = [ 1 1 1 1 1 1 1 1 1 1 1 1 1 1 1 2 2 2 2 2 2 2 2 2 2 2 2 2 2 2 3 3 3 3 3 3 3 3 3 3 3 3 3 3 3 4 4 4 4 4 4 4 4 4 4 4 4 4 4 4 ]
First = [ 1 0 0 0 0 0 0 0 0 0 0 0 0 0 0 1 0 0 0 0 0 0 0 0 0 0 0 0 0 0 1 0 0 0 0 0 0 0 0 0 0 0 0 0 0 1 0 0 0 0 0 0 0 0 0 0 0 0 0 0 ]
Last = [ 0 0 0 0 0 0 0 0 0 0 0 0 0 0 1 0 0 0 0 0 0 0 0 0 0 0 0 0 0 1 0 0 0 0 0 0 0 0 0 0 0 0 0 0 1 0 0 0 0 0 0 0 0 0 0 0 0 0 0 1 ]
nS = 1
S = [ 0 1 2 3 4 5 6 7 8 9 10 11 12 13 14 15 16 17 18 19 20 21 22 23 24 25 26 27 28 29 30 31 32 33 34 35 36 37 38 39 40 41 42 43 44 45 46 47 48 49 50 51 52 53 54 55 56 57 58 59 ]
