n = 60 ; 
T = 48 ; 
Init = [ 0 0 0 0 0 0 0 0 0 0 0 0 0 0 0 0 0 0 0 0 1 1 1 1 1 1 1 1 1 1 1 1 1 1 1 1 1 1 1 1 0 0 0 0 0 0 0 0 0 0 0 0 0 0 0 0 0 0 0 0 ]
L = [ 6 6 6 6 6 6 6 6 6 6 6 6 6 6 6 6 6 6 6 6 7 7 7 7 7 7 7 7 7 7 7 7 7 7 7 7 7 7 7 7 9 9 9 9 9 9 9 9 9 9 9 9 9 9 9 9 9 9 9 9 ]
l = [ 6 6 6 6 6 6 6 6 6 6 6 6 6 6 6 6 6 6 6 6 7 7 7 7 7 7 7 7 7 7 7 7 7 7 7 7 7 7 7 7 9 9 9 9 9 9 9 9 9 9 9 9 9 9 9 9 9 9 9 9 ]
Pmin = [ 30 30 30 30 30 30 30 30 30 30 30 30 30 30 30 30 30 30 30 30 29 29 29 29 29 29 29 29 29 29 29 29 29 29 29 29 29 29 29 29 40 40 40 40 40 40 40 40 40 40 40 40 40 40 40 40 40 40 40 40 ]
Pmax = [ 102 102 102 102 102 102 102 102 102 102 102 102 102 102 102 102 102 102 102 102 108 108 108 108 108 108 108 108 108 108 108 108 108 108 108 108 108 108 108 108 145 145 145 145 145 145 145 145 145 145 145 145 145 145 145 145 145 145 145 145 ]
cf = [ 43.308 43.308 43.308 43.308 43.308 43.308 43.308 43.308 43.308 43.308 43.308 43.308 43.308 43.308 43.308 43.308 43.308 43.308 43.308 43.308 37.9815 37.9815 37.9815 37.9815 37.9815 37.9815 37.9815 37.9815 37.9815 37.9815 37.9815 37.9815 37.9815 37.9815 37.9815 37.9815 37.9815 37.9815 37.9815 37.9815 44.6712 44.6712 44.6712 44.6712 44.6712 44.6712 44.6712 44.6712 44.6712 44.6712 44.6712 44.6712 44.6712 44.6712 44.6712 44.6712 44.6712 44.6712 44.6712 44.6712 ]
c0 = [ 103 103 103 103 103 103 103 103 103 103 103 103 103 103 103 103 103 103 103 103 101 101 101 101 101 101 101 101 101 101 101 101 101 101 101 101 101 101 101 101 113 113 113 113 113 113 113 113 113 113 113 113 113 113 113 113 113 113 113 113 ]
cp = [ 41.015 41.015 41.015 41.015 41.015 41.015 41.015 41.015 41.015 41.015 41.015 41.015 41.015 41.015 41.015 41.015 41.015 41.015 41.015 41.015 24.6532 24.6532 24.6532 24.6532 24.6532 24.6532 24.6532 24.6532 24.6532 24.6532 24.6532 24.6532 24.6532 24.6532 24.6532 24.6532 24.6532 24.6532 24.6532 24.6532 32.5696 32.5696 32.5696 32.5696 32.5696 32.5696 32.5696 32.5696 32.5696 32.5696 32.5696 32.5696 32.5696 32.5696 32.5696 32.5696 32.5696 32.5696 32.5696 32.5696 ]
D = [ 1734 1750 2121 2118 2460 2562 2801 3071 3190 3228 3522 3835 3814 4151 4130 4505 4729 4960 4915 5088 5233 5473 5854 5974 6071 5916 5470 5432 4998 4869 4480 4407 4110 3908 3649 3766 4021 4356 4559 5033 5223 4821 4424 3979 3446 3128 2590 2098 ]
K = 3
nk = [ 1 1 1 1 1 1 1 1 1 1 1 1 1 1 1 1 1 1 1 1 2 2 2 2 2 2 2 2 2 2 2 2 2 2 2 2 2 2 2 2 3 3 3 3 3 3 3 3 3 3 3 3 3 3 3 3 3 3 3 3 ]
First = [ 1 0 0 0 0 0 0 0 0 0 0 0 0 0 0 0 0 0 0 0 1 0 0 0 0 0 0 0 0 0 0 0 0 0 0 0 0 0 0 0 1 0 0 0 0 0 0 0 0 0 0 0 0 0 0 0 0 0 0 0 ]
Last = [ 0 0 0 0 0 0 0 0 0 0 0 0 0 0 0 0 0 0 0 1 0 0 0 0 0 0 0 0 0 0 0 0 0 0 0 0 0 0 0 1 0 0 0 0 0 0 0 0 0 0 0 0 0 0 0 0 0 0 0 1 ]
nS = 1
S = [ 0 1 2 3 4 5 6 7 8 9 10 11 12 13 14 15 16 17 18 19 20 21 22 23 24 25 26 27 28 29 30 31 32 33 34 35 36 37 38 39 40 41 42 43 44 45 46 47 48 49 50 51 52 53 54 55 56 57 58 59 ]
