n = 60 ; 
T = 48 ; 
Init = [ 1 1 1 1 1 1 1 1 1 1 1 1 1 1 1 1 1 1 1 1 1 1 1 1 1 1 1 1 1 1 0 0 0 0 0 0 0 0 0 0 0 0 0 0 0 0 0 0 0 0 0 0 0 0 0 0 0 0 0 0 ]
L = [ 11 11 11 11 11 11 11 11 11 11 11 11 11 11 11 9 9 9 9 9 9 9 9 9 9 9 9 9 9 9 8 8 8 8 8 8 8 8 8 8 8 8 8 8 8 13 13 13 13 13 13 13 13 13 13 13 13 13 13 13 ]
l = [ 11 11 11 11 11 11 11 11 11 11 11 11 11 11 11 9 9 9 9 9 9 9 9 9 9 9 9 9 9 9 8 8 8 8 8 8 8 8 8 8 8 8 8 8 8 13 13 13 13 13 13 13 13 13 13 13 13 13 13 13 ]
Pmin = [ 56 56 56 56 56 56 56 56 56 56 56 56 56 56 56 43 43 43 43 43 43 43 43 43 43 43 43 43 43 43 40 40 40 40 40 40 40 40 40 40 40 40 40 40 40 64 64 64 64 64 64 64 64 64 64 64 64 64 64 64 ]
Pmax = [ 202 202 202 202 202 202 202 202 202 202 202 202 202 202 202 148 148 148 148 148 148 148 148 148 148 148 148 148 148 148 137 137 137 137 137 137 137 137 137 137 137 137 137 137 137 256 256 256 256 256 256 256 256 256 256 256 256 256 256 256 ]
cf = [ 52.0613 52.0613 52.0613 52.0613 52.0613 52.0613 52.0613 52.0613 52.0613 52.0613 52.0613 52.0613 52.0613 52.0613 52.0613 64.5103 64.5103 64.5103 64.5103 64.5103 64.5103 64.5103 64.5103 64.5103 64.5103 64.5103 64.5103 64.5103 64.5103 64.5103 26.1936 26.1936 26.1936 26.1936 26.1936 26.1936 26.1936 26.1936 26.1936 26.1936 26.1936 26.1936 26.1936 26.1936 26.1936 45.4772 45.4772 45.4772 45.4772 45.4772 45.4772 45.4772 45.4772 45.4772 45.4772 45.4772 45.4772 45.4772 45.4772 45.4772 ]
c0 = [ 165 165 165 165 165 165 165 165 165 165 165 165 165 165 165 128 128 128 128 128 128 128 128 128 128 128 128 128 128 128 117 117 117 117 117 117 117 117 117 117 117 117 117 117 117 186 186 186 186 186 186 186 186 186 186 186 186 186 186 186 ]
cp = [ 13.6162 13.6162 13.6162 13.6162 13.6162 13.6162 13.6162 13.6162 13.6162 13.6162 13.6162 13.6162 13.6162 13.6162 13.6162 29.0853 29.0853 29.0853 29.0853 29.0853 29.0853 29.0853 29.0853 29.0853 29.0853 29.0853 29.0853 29.0853 29.0853 29.0853 24.3236 24.3236 24.3236 24.3236 24.3236 24.3236 24.3236 24.3236 24.3236 24.3236 24.3236 24.3236 24.3236 24.3236 24.3236 26.6448 26.6448 26.6448 26.6448 26.6448 26.6448 26.6448 26.6448 26.6448 26.6448 26.6448 26.6448 26.6448 26.6448 26.6448 ]
D = [ 3004 3310 3465 4024 4001 4308 4634 5225 5145 5530 5933 6164 6625 6907 6917 7050 7345 7683 7976 8170 8624 9131 9312 9295 9962 9425 9107 8681 8146 7811 7468 7109 6800 6330 5803 6108 7028 7464 7634 8194 8734 8238 7514 6556 6062 5513 4407 3927 ]
K = 4
nk = [ 1 1 1 1 1 1 1 1 1 1 1 1 1 1 1 2 2 2 2 2 2 2 2 2 2 2 2 2 2 2 3 3 3 3 3 3 3 3 3 3 3 3 3 3 3 4 4 4 4 4 4 4 4 4 4 4 4 4 4 4 ]
First = [ 1 0 0 0 0 0 0 0 0 0 0 0 0 0 0 1 0 0 0 0 0 0 0 0 0 0 0 0 0 0 1 0 0 0 0 0 0 0 0 0 0 0 0 0 0 1 0 0 0 0 0 0 0 0 0 0 0 0 0 0 ]
Last = [ 0 0 0 0 0 0 0 0 0 0 0 0 0 0 1 0 0 0 0 0 0 0 0 0 0 0 0 0 0 1 0 0 0 0 0 0 0 0 0 0 0 0 0 0 1 0 0 0 0 0 0 0 0 0 0 0 0 0 0 1 ]
nS = 1
S = [ 0 1 2 3 4 5 6 7 8 9 10 11 12 13 14 15 16 17 18 19 20 21 22 23 24 25 26 27 28 29 30 31 32 33 34 35 36 37 38 39 40 41 42 43 44 45 46 47 48 49 50 51 52 53 54 55 56 57 58 59 ]
