n = 60 ; 
T = 48 ; 
Init = [ 1 1 1 1 1 1 1 1 1 1 1 1 1 1 1 1 1 1 1 1 1 1 1 1 1 1 1 1 1 1 1 1 1 1 1 1 0 0 0 0 0 0 0 0 0 0 0 0 1 1 1 1 1 1 1 1 1 1 1 1 ]
L = [ 14 14 14 14 14 14 14 14 14 14 14 14 15 15 15 15 15 15 15 15 15 15 15 15 18 18 18 18 18 18 18 18 18 18 18 18 8 8 8 8 8 8 8 8 8 8 8 8 10 10 10 10 10 10 10 10 10 10 10 10 ]
l = [ 14 14 14 14 14 14 14 14 14 14 14 14 15 15 15 15 15 15 15 15 15 15 15 15 18 18 18 18 18 18 18 18 18 18 18 18 8 8 8 8 8 8 8 8 8 8 8 8 10 10 10 10 10 10 10 10 10 10 10 10 ]
Pmin = [ 69 69 69 69 69 69 69 69 69 69 69 69 82 82 82 82 82 82 82 82 82 82 82 82 99 99 99 99 99 99 99 99 99 99 99 99 36 36 36 36 36 36 36 36 36 36 36 36 51 51 51 51 51 51 51 51 51 51 51 51 ]
Pmax = [ 284 284 284 284 284 284 284 284 284 284 284 284 313 313 313 313 313 313 313 313 313 313 313 313 380 380 380 380 380 380 380 380 380 380 380 380 131 131 131 131 131 131 131 131 131 131 131 131 178 178 178 178 178 178 178 178 178 178 178 178 ]
cf = [ 54.8249 54.8249 54.8249 54.8249 54.8249 54.8249 54.8249 54.8249 54.8249 54.8249 54.8249 54.8249 43.5714 43.5714 43.5714 43.5714 43.5714 43.5714 43.5714 43.5714 43.5714 43.5714 43.5714 43.5714 47.0741 47.0741 47.0741 47.0741 47.0741 47.0741 47.0741 47.0741 47.0741 47.0741 47.0741 47.0741 48.3228 48.3228 48.3228 48.3228 48.3228 48.3228 48.3228 48.3228 48.3228 48.3228 48.3228 48.3228 20.0478 20.0478 20.0478 20.0478 20.0478 20.0478 20.0478 20.0478 20.0478 20.0478 20.0478 20.0478 ]
c0 = [ 187 187 187 187 187 187 187 187 187 187 187 187 228 228 228 228 228 228 228 228 228 228 228 228 250 250 250 250 250 250 250 250 250 250 250 250 98 98 98 98 98 98 98 98 98 98 98 98 137 137 137 137 137 137 137 137 137 137 137 137 ]
cp = [ 14.8951 14.8951 14.8951 14.8951 14.8951 14.8951 14.8951 14.8951 14.8951 14.8951 14.8951 14.8951 25.9704 25.9704 25.9704 25.9704 25.9704 25.9704 25.9704 25.9704 25.9704 25.9704 25.9704 25.9704 12.3111 12.3111 12.3111 12.3111 12.3111 12.3111 12.3111 12.3111 12.3111 12.3111 12.3111 12.3111 34.5745 34.5745 34.5745 34.5745 34.5745 34.5745 34.5745 34.5745 34.5745 34.5745 34.5745 34.5745 24.1084 24.1084 24.1084 24.1084 24.1084 24.1084 24.1084 24.1084 24.1084 24.1084 24.1084 24.1084 ]
D = [ 4513 4996 5603 5604 6326 6358 6698 6933 7542 8055 8268 8725 9153 9198 9639 10137 10354 10694 11432 11841 11691 12282 12727 12728 13604 12622 12045 12016 11111 10885 9948 9752 9027 8950 8391 8419 9022 9451 9967 10814 11393 10283 9132 8300 6871 6414 5099 4139 ]
K = 5
nk = [ 1 1 1 1 1 1 1 1 1 1 1 1 2 2 2 2 2 2 2 2 2 2 2 2 3 3 3 3 3 3 3 3 3 3 3 3 4 4 4 4 4 4 4 4 4 4 4 4 5 5 5 5 5 5 5 5 5 5 5 5 ]
First = [ 1 0 0 0 0 0 0 0 0 0 0 0 1 0 0 0 0 0 0 0 0 0 0 0 1 0 0 0 0 0 0 0 0 0 0 0 1 0 0 0 0 0 0 0 0 0 0 0 1 0 0 0 0 0 0 0 0 0 0 0 ]
Last = [ 0 0 0 0 0 0 0 0 0 0 0 1 0 0 0 0 0 0 0 0 0 0 0 1 0 0 0 0 0 0 0 0 0 0 0 1 0 0 0 0 0 0 0 0 0 0 0 1 0 0 0 0 0 0 0 0 0 0 0 1 ]
nS = 1
S = [ 0 1 2 3 4 5 6 7 8 9 10 11 12 13 14 15 16 17 18 19 20 21 22 23 24 25 26 27 28 29 30 31 32 33 34 35 36 37 38 39 40 41 42 43 44 45 46 47 48 49 50 51 52 53 54 55 56 57 58 59 ]
