n = 60 ; 
T = 48 ; 
Init = [ 0 0 0 0 0 0 0 0 0 0 0 0 0 0 0 0 0 0 0 0 0 0 0 0 0 0 0 0 0 0 0 0 0 0 0 0 0 0 0 0 1 1 1 1 1 1 1 1 1 1 1 1 1 1 1 1 1 1 1 1 ]
L = [ 18 18 18 18 18 18 18 18 18 18 18 18 18 18 18 18 18 18 18 18 12 12 12 12 12 12 12 12 12 12 12 12 12 12 12 12 12 12 12 12 13 13 13 13 13 13 13 13 13 13 13 13 13 13 13 13 13 13 13 13 ]
l = [ 18 18 18 18 18 18 18 18 18 18 18 18 18 18 18 18 18 18 18 18 12 12 12 12 12 12 12 12 12 12 12 12 12 12 12 12 12 12 12 12 13 13 13 13 13 13 13 13 13 13 13 13 13 13 13 13 13 13 13 13 ]
Pmin = [ 96 96 96 96 96 96 96 96 96 96 96 96 96 96 96 96 96 96 96 96 63 63 63 63 63 63 63 63 63 63 63 63 63 63 63 63 63 63 63 63 75 75 75 75 75 75 75 75 75 75 75 75 75 75 75 75 75 75 75 75 ]
Pmax = [ 380 380 380 380 380 380 380 380 380 380 380 380 380 380 380 380 380 380 380 380 247 247 247 247 247 247 247 247 247 247 247 247 247 247 247 247 247 247 247 247 274 274 274 274 274 274 274 274 274 274 274 274 274 274 274 274 274 274 274 274 ]
cf = [ 59.6238 59.6238 59.6238 59.6238 59.6238 59.6238 59.6238 59.6238 59.6238 59.6238 59.6238 59.6238 59.6238 59.6238 59.6238 59.6238 59.6238 59.6238 59.6238 59.6238 13.3987 13.3987 13.3987 13.3987 13.3987 13.3987 13.3987 13.3987 13.3987 13.3987 13.3987 13.3987 13.3987 13.3987 13.3987 13.3987 13.3987 13.3987 13.3987 13.3987 14.2628 14.2628 14.2628 14.2628 14.2628 14.2628 14.2628 14.2628 14.2628 14.2628 14.2628 14.2628 14.2628 14.2628 14.2628 14.2628 14.2628 14.2628 14.2628 14.2628 ]
c0 = [ 246 246 246 246 246 246 246 246 246 246 246 246 246 246 246 246 246 246 246 246 171 171 171 171 171 171 171 171 171 171 171 171 171 171 171 171 171 171 171 171 200 200 200 200 200 200 200 200 200 200 200 200 200 200 200 200 200 200 200 200 ]
cp = [ 11.7522 11.7522 11.7522 11.7522 11.7522 11.7522 11.7522 11.7522 11.7522 11.7522 11.7522 11.7522 11.7522 11.7522 11.7522 11.7522 11.7522 11.7522 11.7522 11.7522 14.2016 14.2016 14.2016 14.2016 14.2016 14.2016 14.2016 14.2016 14.2016 14.2016 14.2016 14.2016 14.2016 14.2016 14.2016 14.2016 14.2016 14.2016 14.2016 14.2016 29.0136 29.0136 29.0136 29.0136 29.0136 29.0136 29.0136 29.0136 29.0136 29.0136 29.0136 29.0136 29.0136 29.0136 29.0136 29.0136 29.0136 29.0136 29.0136 29.0136 ]
D = [ 3582 3956 4430 5307 5562 6060 6773 6937 7457 8274 8528 9138 9874 10621 11123 11649 12065 12257 13202 13520 14318 14568 15084 15342 15781 15210 14436 13834 13264 12190 11800 10657 10163 9731 8951 9610 9854 10685 11714 11963 13097 12075 10629 9473 8684 7225 6080 5193 ]
K = 3
nk = [ 1 1 1 1 1 1 1 1 1 1 1 1 1 1 1 1 1 1 1 1 2 2 2 2 2 2 2 2 2 2 2 2 2 2 2 2 2 2 2 2 3 3 3 3 3 3 3 3 3 3 3 3 3 3 3 3 3 3 3 3 ]
First = [ 1 0 0 0 0 0 0 0 0 0 0 0 0 0 0 0 0 0 0 0 1 0 0 0 0 0 0 0 0 0 0 0 0 0 0 0 0 0 0 0 1 0 0 0 0 0 0 0 0 0 0 0 0 0 0 0 0 0 0 0 ]
Last = [ 0 0 0 0 0 0 0 0 0 0 0 0 0 0 0 0 0 0 0 1 0 0 0 0 0 0 0 0 0 0 0 0 0 0 0 0 0 0 0 1 0 0 0 0 0 0 0 0 0 0 0 0 0 0 0 0 0 0 0 1 ]
nS = 1
S = [ 0 1 2 3 4 5 6 7 8 9 10 11 12 13 14 15 16 17 18 19 20 21 22 23 24 25 26 27 28 29 30 31 32 33 34 35 36 37 38 39 40 41 42 43 44 45 46 47 48 49 50 51 52 53 54 55 56 57 58 59 ]
