n = 60 ; 
T = 48 ; 
Init = [ 1 1 1 1 1 1 1 1 1 1 0 0 0 0 0 0 0 0 0 0 0 0 0 0 0 0 0 0 0 0 1 1 1 1 1 1 1 1 1 1 1 1 1 1 1 1 1 1 1 1 0 0 0 0 0 0 0 0 0 0 ]
L = [ 9 9 9 9 9 9 9 9 9 9 7 7 7 7 7 7 7 7 7 7 10 10 10 10 10 10 10 10 10 10 11 11 11 11 11 11 11 11 11 11 20 20 20 20 20 20 20 20 20 20 11 11 11 11 11 11 11 11 11 11 ]
l = [ 9 9 9 9 9 9 9 9 9 9 7 7 7 7 7 7 7 7 7 7 10 10 10 10 10 10 10 10 10 10 11 11 11 11 11 11 11 11 11 11 20 20 20 20 20 20 20 20 20 20 11 11 11 11 11 11 11 11 11 11 ]
Pmin = [ 53 53 53 53 53 53 53 53 53 53 36 36 36 36 36 36 36 36 36 36 51 51 51 51 51 51 51 51 51 51 62 62 62 62 62 62 62 62 62 62 100 100 100 100 100 100 100 100 100 100 62 62 62 62 62 62 62 62 62 62 ]
Pmax = [ 185 185 185 185 185 185 185 185 185 185 111 111 111 111 111 111 111 111 111 111 194 194 194 194 194 194 194 194 194 194 242 242 242 242 242 242 242 242 242 242 420 420 420 420 420 420 420 420 420 420 222 222 222 222 222 222 222 222 222 222 ]
cf = [ 18.124 18.124 18.124 18.124 18.124 18.124 18.124 18.124 18.124 18.124 24.5499 24.5499 24.5499 24.5499 24.5499 24.5499 24.5499 24.5499 24.5499 24.5499 27.4552 27.4552 27.4552 27.4552 27.4552 27.4552 27.4552 27.4552 27.4552 27.4552 33.5491 33.5491 33.5491 33.5491 33.5491 33.5491 33.5491 33.5491 33.5491 33.5491 22.8127 22.8127 22.8127 22.8127 22.8127 22.8127 22.8127 22.8127 22.8127 22.8127 23.1871 23.1871 23.1871 23.1871 23.1871 23.1871 23.1871 23.1871 23.1871 23.1871 ]
c0 = [ 154 154 154 154 154 154 154 154 154 154 98 98 98 98 98 98 98 98 98 98 141 141 141 141 141 141 141 141 141 141 164 164 164 164 164 164 164 164 164 164 250 250 250 250 250 250 250 250 250 250 176 176 176 176 176 176 176 176 176 176 ]
cp = [ 22.6304 22.6304 22.6304 22.6304 22.6304 22.6304 22.6304 22.6304 22.6304 22.6304 29.1405 29.1405 29.1405 29.1405 29.1405 29.1405 29.1405 29.1405 29.1405 29.1405 19.1729 19.1729 19.1729 19.1729 19.1729 19.1729 19.1729 19.1729 19.1729 19.1729 22.068 22.068 22.068 22.068 22.068 22.068 22.068 22.068 22.068 22.068 13.516 13.516 13.516 13.516 13.516 13.516 13.516 13.516 13.516 13.516 16.3346 16.3346 16.3346 16.3346 16.3346 16.3346 16.3346 16.3346 16.3346 16.3346 ]
D = [ 3530 4151 4426 4525 4742 5324 5479 6180 6105 6497 7092 7358 7659 8300 8658 8501 8943 9301 9504 9922 10321 11018 10863 11340 11720 11458 11059 10539 9871 9364 9050 8549 7773 7394 6652 7470 8501 8741 9371 10536 10829 10148 9124 8361 7433 6427 5716 4890 ]
K = 6
nk = [ 1 1 1 1 1 1 1 1 1 1 2 2 2 2 2 2 2 2 2 2 3 3 3 3 3 3 3 3 3 3 4 4 4 4 4 4 4 4 4 4 5 5 5 5 5 5 5 5 5 5 6 6 6 6 6 6 6 6 6 6 ]
First = [ 1 0 0 0 0 0 0 0 0 0 1 0 0 0 0 0 0 0 0 0 1 0 0 0 0 0 0 0 0 0 1 0 0 0 0 0 0 0 0 0 1 0 0 0 0 0 0 0 0 0 1 0 0 0 0 0 0 0 0 0 ]
Last = [ 0 0 0 0 0 0 0 0 0 1 0 0 0 0 0 0 0 0 0 1 0 0 0 0 0 0 0 0 0 1 0 0 0 0 0 0 0 0 0 1 0 0 0 0 0 0 0 0 0 1 0 0 0 0 0 0 0 0 0 1 ]
nS = 1
S = [ 0 1 2 3 4 5 6 7 8 9 10 11 12 13 14 15 16 17 18 19 20 21 22 23 24 25 26 27 28 29 30 31 32 33 34 35 36 37 38 39 40 41 42 43 44 45 46 47 48 49 50 51 52 53 54 55 56 57 58 59 ]
