n = 60 ; 
T = 48 ; 
Init = [ 0 0 0 0 0 0 0 0 0 0 0 0 0 0 0 0 0 0 0 0 0 0 0 0 0 0 0 0 0 0 0 0 0 0 0 0 0 0 0 0 1 1 1 1 1 1 1 1 1 1 1 1 1 1 1 1 1 1 1 1 ]
L = [ 19 19 19 19 19 19 19 19 19 19 19 19 19 19 19 19 19 19 19 19 6 6 6 6 6 6 6 6 6 6 6 6 6 6 6 6 6 6 6 6 7 7 7 7 7 7 7 7 7 7 7 7 7 7 7 7 7 7 7 7 ]
l = [ 19 19 19 19 19 19 19 19 19 19 19 19 19 19 19 19 19 19 19 19 6 6 6 6 6 6 6 6 6 6 6 6 6 6 6 6 6 6 6 6 7 7 7 7 7 7 7 7 7 7 7 7 7 7 7 7 7 7 7 7 ]
Pmin = [ 100 100 100 100 100 100 100 100 100 100 100 100 100 100 100 100 100 100 100 100 28 28 28 28 28 28 28 28 28 28 28 28 28 28 28 28 28 28 28 28 40 40 40 40 40 40 40 40 40 40 40 40 40 40 40 40 40 40 40 40 ]
Pmax = [ 420 420 420 420 420 420 420 420 420 420 420 420 420 420 420 420 420 420 420 420 79 79 79 79 79 79 79 79 79 79 79 79 79 79 79 79 79 79 79 79 131 131 131 131 131 131 131 131 131 131 131 131 131 131 131 131 131 131 131 131 ]
cf = [ 43.1068 43.1068 43.1068 43.1068 43.1068 43.1068 43.1068 43.1068 43.1068 43.1068 43.1068 43.1068 43.1068 43.1068 43.1068 43.1068 43.1068 43.1068 43.1068 43.1068 16.7961 16.7961 16.7961 16.7961 16.7961 16.7961 16.7961 16.7961 16.7961 16.7961 16.7961 16.7961 16.7961 16.7961 16.7961 16.7961 16.7961 16.7961 16.7961 16.7961 53.6984 53.6984 53.6984 53.6984 53.6984 53.6984 53.6984 53.6984 53.6984 53.6984 53.6984 53.6984 53.6984 53.6984 53.6984 53.6984 53.6984 53.6984 53.6984 53.6984 ]
c0 = [ 250 250 250 250 250 250 250 250 250 250 250 250 250 250 250 250 250 250 250 250 89 89 89 89 89 89 89 89 89 89 89 89 89 89 89 89 89 89 89 89 128 128 128 128 128 128 128 128 128 128 128 128 128 128 128 128 128 128 128 128 ]
cp = [ 13.7802 13.7802 13.7802 13.7802 13.7802 13.7802 13.7802 13.7802 13.7802 13.7802 13.7802 13.7802 13.7802 13.7802 13.7802 13.7802 13.7802 13.7802 13.7802 13.7802 37.2436 37.2436 37.2436 37.2436 37.2436 37.2436 37.2436 37.2436 37.2436 37.2436 37.2436 37.2436 37.2436 37.2436 37.2436 37.2436 37.2436 37.2436 37.2436 37.2436 36.5325 36.5325 36.5325 36.5325 36.5325 36.5325 36.5325 36.5325 36.5325 36.5325 36.5325 36.5325 36.5325 36.5325 36.5325 36.5325 36.5325 36.5325 36.5325 36.5325 ]
D = [ 3437 3514 3990 4153 4461 4792 5320 5830 5892 6201 6439 6828 6943 7663 7615 8060 8390 8709 9242 9444 9605 10179 10070 10492 11127 10519 10291 9755 9325 8820 8175 7797 7561 7078 6550 7214 7652 7739 8599 8787 9373 8362 7835 6930 6325 5438 4665 3573 ]
K = 3
nk = [ 1 1 1 1 1 1 1 1 1 1 1 1 1 1 1 1 1 1 1 1 2 2 2 2 2 2 2 2 2 2 2 2 2 2 2 2 2 2 2 2 3 3 3 3 3 3 3 3 3 3 3 3 3 3 3 3 3 3 3 3 ]
First = [ 1 0 0 0 0 0 0 0 0 0 0 0 0 0 0 0 0 0 0 0 1 0 0 0 0 0 0 0 0 0 0 0 0 0 0 0 0 0 0 0 1 0 0 0 0 0 0 0 0 0 0 0 0 0 0 0 0 0 0 0 ]
Last = [ 0 0 0 0 0 0 0 0 0 0 0 0 0 0 0 0 0 0 0 1 0 0 0 0 0 0 0 0 0 0 0 0 0 0 0 0 0 0 0 1 0 0 0 0 0 0 0 0 0 0 0 0 0 0 0 0 0 0 0 1 ]
nS = 1
S = [ 0 1 2 3 4 5 6 7 8 9 10 11 12 13 14 15 16 17 18 19 20 21 22 23 24 25 26 27 28 29 30 31 32 33 34 35 36 37 38 39 40 41 42 43 44 45 46 47 48 49 50 51 52 53 54 55 56 57 58 59 ]
