n = 60 ; 
T = 48 ; 
Init = [ 1 1 1 1 1 1 1 1 1 1 1 1 1 1 1 1 1 1 1 1 1 1 1 1 1 1 1 1 1 1 1 1 1 1 1 1 1 1 1 1 0 0 0 0 0 0 0 0 0 0 0 0 0 0 0 0 0 0 0 0 ]
L = [ 7 7 7 7 7 7 7 7 7 7 7 7 7 7 7 7 7 7 7 7 11 11 11 11 11 11 11 11 11 11 11 11 11 11 11 11 11 11 11 11 16 16 16 16 16 16 16 16 16 16 16 16 16 16 16 16 16 16 16 16 ]
l = [ 7 7 7 7 7 7 7 7 7 7 7 7 7 7 7 7 7 7 7 7 11 11 11 11 11 11 11 11 11 11 11 11 11 11 11 11 11 11 11 11 16 16 16 16 16 16 16 16 16 16 16 16 16 16 16 16 16 16 16 16 ]
Pmin = [ 39 39 39 39 39 39 39 39 39 39 39 39 39 39 39 39 39 39 39 39 62 62 62 62 62 62 62 62 62 62 62 62 62 62 62 62 62 62 62 62 88 88 88 88 88 88 88 88 88 88 88 88 88 88 88 88 88 88 88 88 ]
Pmax = [ 119 119 119 119 119 119 119 119 119 119 119 119 119 119 119 119 119 119 119 119 214 214 214 214 214 214 214 214 214 214 214 214 214 214 214 214 214 214 214 214 367 367 367 367 367 367 367 367 367 367 367 367 367 367 367 367 367 367 367 367 ]
cf = [ 16.0046 16.0046 16.0046 16.0046 16.0046 16.0046 16.0046 16.0046 16.0046 16.0046 16.0046 16.0046 16.0046 16.0046 16.0046 16.0046 16.0046 16.0046 16.0046 16.0046 59.0162 59.0162 59.0162 59.0162 59.0162 59.0162 59.0162 59.0162 59.0162 59.0162 59.0162 59.0162 59.0162 59.0162 59.0162 59.0162 59.0162 59.0162 59.0162 59.0162 46.5147 46.5147 46.5147 46.5147 46.5147 46.5147 46.5147 46.5147 46.5147 46.5147 46.5147 46.5147 46.5147 46.5147 46.5147 46.5147 46.5147 46.5147 46.5147 46.5147 ]
c0 = [ 109 109 109 109 109 109 109 109 109 109 109 109 109 109 109 109 109 109 109 109 159 159 159 159 159 159 159 159 159 159 159 159 159 159 159 159 159 159 159 159 242 242 242 242 242 242 242 242 242 242 242 242 242 242 242 242 242 242 242 242 ]
cp = [ 30.9763 30.9763 30.9763 30.9763 30.9763 30.9763 30.9763 30.9763 30.9763 30.9763 30.9763 30.9763 30.9763 30.9763 30.9763 30.9763 30.9763 30.9763 30.9763 30.9763 21.4409 21.4409 21.4409 21.4409 21.4409 21.4409 21.4409 21.4409 21.4409 21.4409 21.4409 21.4409 21.4409 21.4409 21.4409 21.4409 21.4409 21.4409 21.4409 21.4409 11.503 11.503 11.503 11.503 11.503 11.503 11.503 11.503 11.503 11.503 11.503 11.503 11.503 11.503 11.503 11.503 11.503 11.503 11.503 11.503 ]
D = [ 3511 4350 4558 4659 5132 5404 5668 6328 6168 6569 7217 7612 8010 7868 8227 8810 9290 9381 9904 10408 10739 10762 11104 11599 11650 11233 10835 10702 10082 9703 8976 8754 8318 7462 7005 7682 8297 8744 9186 9864 10376 9181 8530 7717 6604 5976 4850 4440 ]
K = 3
nk = [ 1 1 1 1 1 1 1 1 1 1 1 1 1 1 1 1 1 1 1 1 2 2 2 2 2 2 2 2 2 2 2 2 2 2 2 2 2 2 2 2 3 3 3 3 3 3 3 3 3 3 3 3 3 3 3 3 3 3 3 3 ]
First = [ 1 0 0 0 0 0 0 0 0 0 0 0 0 0 0 0 0 0 0 0 1 0 0 0 0 0 0 0 0 0 0 0 0 0 0 0 0 0 0 0 1 0 0 0 0 0 0 0 0 0 0 0 0 0 0 0 0 0 0 0 ]
Last = [ 0 0 0 0 0 0 0 0 0 0 0 0 0 0 0 0 0 0 0 1 0 0 0 0 0 0 0 0 0 0 0 0 0 0 0 0 0 0 0 1 0 0 0 0 0 0 0 0 0 0 0 0 0 0 0 0 0 0 0 1 ]
nS = 1
S = [ 0 1 2 3 4 5 6 7 8 9 10 11 12 13 14 15 16 17 18 19 20 21 22 23 24 25 26 27 28 29 30 31 32 33 34 35 36 37 38 39 40 41 42 43 44 45 46 47 48 49 50 51 52 53 54 55 56 57 58 59 ]
