n = 60 ; 
T = 48 ; 
Init = [ 0 0 0 0 0 0 0 0 0 0 0 0 0 0 0 0 0 0 0 0 0 0 0 0 0 0 0 0 0 0 0 0 0 0 0 0 0 0 0 0 0 0 0 0 0 0 0 0 0 0 0 0 0 0 0 0 0 0 0 0 ]
L = [ 8 8 8 8 8 8 8 8 8 8 8 8 8 8 8 15 15 15 15 15 15 15 15 15 15 15 15 15 15 15 8 8 8 8 8 8 8 8 8 8 8 8 8 8 8 15 15 15 15 15 15 15 15 15 15 15 15 15 15 15 ]
l = [ 8 8 8 8 8 8 8 8 8 8 8 8 8 8 8 15 15 15 15 15 15 15 15 15 15 15 15 15 15 15 8 8 8 8 8 8 8 8 8 8 8 8 8 8 8 15 15 15 15 15 15 15 15 15 15 15 15 15 15 15 ]
Pmin = [ 35 35 35 35 35 35 35 35 35 35 35 35 35 35 35 76 76 76 76 76 76 76 76 76 76 76 76 76 76 76 39 39 39 39 39 39 39 39 39 39 39 39 39 39 39 81 81 81 81 81 81 81 81 81 81 81 81 81 81 81 ]
Pmax = [ 137 137 137 137 137 137 137 137 137 137 137 137 137 137 137 303 303 303 303 303 303 303 303 303 303 303 303 303 303 303 154 154 154 154 154 154 154 154 154 154 154 154 154 154 154 305 305 305 305 305 305 305 305 305 305 305 305 305 305 305 ]
cf = [ 31.0087 31.0087 31.0087 31.0087 31.0087 31.0087 31.0087 31.0087 31.0087 31.0087 31.0087 31.0087 31.0087 31.0087 31.0087 33.459 33.459 33.459 33.459 33.459 33.459 33.459 33.459 33.459 33.459 33.459 33.459 33.459 33.459 33.459 29.7302 29.7302 29.7302 29.7302 29.7302 29.7302 29.7302 29.7302 29.7302 29.7302 29.7302 29.7302 29.7302 29.7302 29.7302 42.1874 42.1874 42.1874 42.1874 42.1874 42.1874 42.1874 42.1874 42.1874 42.1874 42.1874 42.1874 42.1874 42.1874 42.1874 ]
c0 = [ 107 107 107 107 107 107 107 107 107 107 107 107 107 107 107 205 205 205 205 205 205 205 205 205 205 205 205 205 205 205 123 123 123 123 123 123 123 123 123 123 123 123 123 123 123 204 204 204 204 204 204 204 204 204 204 204 204 204 204 204 ]
cp = [ 33.8637 33.8637 33.8637 33.8637 33.8637 33.8637 33.8637 33.8637 33.8637 33.8637 33.8637 33.8637 33.8637 33.8637 33.8637 17.1201 17.1201 17.1201 17.1201 17.1201 17.1201 17.1201 17.1201 17.1201 17.1201 17.1201 17.1201 17.1201 17.1201 17.1201 28.097 28.097 28.097 28.097 28.097 28.097 28.097 28.097 28.097 28.097 28.097 28.097 28.097 28.097 28.097 20.4414 20.4414 20.4414 20.4414 20.4414 20.4414 20.4414 20.4414 20.4414 20.4414 20.4414 20.4414 20.4414 20.4414 20.4414 ]
D = [ 2671 3291 3489 3778 3932 4304 5001 5428 5359 6114 5930 6526 6853 7448 7652 8058 8378 8408 8915 8938 9397 10078 10083 10711 10963 10383 10223 9731 9272 8394 8358 7518 7465 6754 6408 7312 7774 8388 9384 9982 10477 9868 8563 7964 7075 6180 5113 4210 ]
K = 4
nk = [ 1 1 1 1 1 1 1 1 1 1 1 1 1 1 1 2 2 2 2 2 2 2 2 2 2 2 2 2 2 2 3 3 3 3 3 3 3 3 3 3 3 3 3 3 3 4 4 4 4 4 4 4 4 4 4 4 4 4 4 4 ]
First = [ 1 0 0 0 0 0 0 0 0 0 0 0 0 0 0 1 0 0 0 0 0 0 0 0 0 0 0 0 0 0 1 0 0 0 0 0 0 0 0 0 0 0 0 0 0 1 0 0 0 0 0 0 0 0 0 0 0 0 0 0 ]
Last = [ 0 0 0 0 0 0 0 0 0 0 0 0 0 0 1 0 0 0 0 0 0 0 0 0 0 0 0 0 0 1 0 0 0 0 0 0 0 0 0 0 0 0 0 0 1 0 0 0 0 0 0 0 0 0 0 0 0 0 0 1 ]
nS = 1
S = [ 0 1 2 3 4 5 6 7 8 9 10 11 12 13 14 15 16 17 18 19 20 21 22 23 24 25 26 27 28 29 30 31 32 33 34 35 36 37 38 39 40 41 42 43 44 45 46 47 48 49 50 51 52 53 54 55 56 57 58 59 ]
