n = 60 ; 
T = 48 ; 
Init = [ 0 0 0 0 0 0 0 0 0 0 0 0 0 0 0 0 0 0 0 0 1 1 1 1 1 1 1 1 1 1 1 1 1 1 1 1 1 1 1 1 0 0 0 0 0 0 0 0 0 0 0 0 0 0 0 0 0 0 0 0 ]
L = [ 10 10 10 10 10 10 10 10 10 10 10 10 10 10 10 10 10 10 10 10 10 10 10 10 10 10 10 10 10 10 10 10 10 10 10 10 10 10 10 10 16 16 16 16 16 16 16 16 16 16 16 16 16 16 16 16 16 16 16 16 ]
l = [ 10 10 10 10 10 10 10 10 10 10 10 10 10 10 10 10 10 10 10 10 10 10 10 10 10 10 10 10 10 10 10 10 10 10 10 10 10 10 10 10 16 16 16 16 16 16 16 16 16 16 16 16 16 16 16 16 16 16 16 16 ]
Pmin = [ 61 61 61 61 61 61 61 61 61 61 61 61 61 61 61 61 61 61 61 61 52 52 52 52 52 52 52 52 52 52 52 52 52 52 52 52 52 52 52 52 87 87 87 87 87 87 87 87 87 87 87 87 87 87 87 87 87 87 87 87 ]
Pmax = [ 210 210 210 210 210 210 210 210 210 210 210 210 210 210 210 210 210 210 210 210 201 201 201 201 201 201 201 201 201 201 201 201 201 201 201 201 201 201 201 201 334 334 334 334 334 334 334 334 334 334 334 334 334 334 334 334 334 334 334 334 ]
cf = [ 27.8299 27.8299 27.8299 27.8299 27.8299 27.8299 27.8299 27.8299 27.8299 27.8299 27.8299 27.8299 27.8299 27.8299 27.8299 27.8299 27.8299 27.8299 27.8299 27.8299 17.4561 17.4561 17.4561 17.4561 17.4561 17.4561 17.4561 17.4561 17.4561 17.4561 17.4561 17.4561 17.4561 17.4561 17.4561 17.4561 17.4561 17.4561 17.4561 17.4561 48.7069 48.7069 48.7069 48.7069 48.7069 48.7069 48.7069 48.7069 48.7069 48.7069 48.7069 48.7069 48.7069 48.7069 48.7069 48.7069 48.7069 48.7069 48.7069 48.7069 ]
c0 = [ 159 159 159 159 159 159 159 159 159 159 159 159 159 159 159 159 159 159 159 159 142 142 142 142 142 142 142 142 142 142 142 142 142 142 142 142 142 142 142 142 238 238 238 238 238 238 238 238 238 238 238 238 238 238 238 238 238 238 238 238 ]
cp = [ 34.5875 34.5875 34.5875 34.5875 34.5875 34.5875 34.5875 34.5875 34.5875 34.5875 34.5875 34.5875 34.5875 34.5875 34.5875 34.5875 34.5875 34.5875 34.5875 34.5875 21.9095 21.9095 21.9095 21.9095 21.9095 21.9095 21.9095 21.9095 21.9095 21.9095 21.9095 21.9095 21.9095 21.9095 21.9095 21.9095 21.9095 21.9095 21.9095 21.9095 22.6394 22.6394 22.6394 22.6394 22.6394 22.6394 22.6394 22.6394 22.6394 22.6394 22.6394 22.6394 22.6394 22.6394 22.6394 22.6394 22.6394 22.6394 22.6394 22.6394 ]
D = [ 3831 3644 4368 4769 5330 5640 6025 6350 6442 6788 7517 7720 7999 8266 8876 8985 9635 9762 10519 10790 11054 11461 11762 12473 12546 11819 11461 11339 10273 10195 9698 8736 8691 7946 7604 8348 8738 9605 10298 10999 11837 10694 9630 8777 8122 7290 6171 5193 ]
K = 3
nk = [ 1 1 1 1 1 1 1 1 1 1 1 1 1 1 1 1 1 1 1 1 2 2 2 2 2 2 2 2 2 2 2 2 2 2 2 2 2 2 2 2 3 3 3 3 3 3 3 3 3 3 3 3 3 3 3 3 3 3 3 3 ]
First = [ 1 0 0 0 0 0 0 0 0 0 0 0 0 0 0 0 0 0 0 0 1 0 0 0 0 0 0 0 0 0 0 0 0 0 0 0 0 0 0 0 1 0 0 0 0 0 0 0 0 0 0 0 0 0 0 0 0 0 0 0 ]
Last = [ 0 0 0 0 0 0 0 0 0 0 0 0 0 0 0 0 0 0 0 1 0 0 0 0 0 0 0 0 0 0 0 0 0 0 0 0 0 0 0 1 0 0 0 0 0 0 0 0 0 0 0 0 0 0 0 0 0 0 0 1 ]
nS = 1
S = [ 0 1 2 3 4 5 6 7 8 9 10 11 12 13 14 15 16 17 18 19 20 21 22 23 24 25 26 27 28 29 30 31 32 33 34 35 36 37 38 39 40 41 42 43 44 45 46 47 48 49 50 51 52 53 54 55 56 57 58 59 ]
