n = 60 ; 
T = 48 ; 
Init = [ 0 0 0 0 0 0 0 0 0 0 1 1 1 1 1 1 1 1 1 1 0 0 0 0 0 0 0 0 0 0 0 0 0 0 0 0 0 0 0 0 1 1 1 1 1 1 1 1 1 1 0 0 0 0 0 0 0 0 0 0 ]
L = [ 15 15 15 15 15 15 15 15 15 15 17 17 17 17 17 17 17 17 17 17 14 14 14 14 14 14 14 14 14 14 20 20 20 20 20 20 20 20 20 20 6 6 6 6 6 6 6 6 6 6 19 19 19 19 19 19 19 19 19 19 ]
l = [ 15 15 15 15 15 15 15 15 15 15 17 17 17 17 17 17 17 17 17 17 14 14 14 14 14 14 14 14 14 14 20 20 20 20 20 20 20 20 20 20 6 6 6 6 6 6 6 6 6 6 19 19 19 19 19 19 19 19 19 19 ]
Pmin = [ 78 78 78 78 78 78 78 78 78 78 93 93 93 93 93 93 93 93 93 93 70 70 70 70 70 70 70 70 70 70 100 100 100 100 100 100 100 100 100 100 28 28 28 28 28 28 28 28 28 28 100 100 100 100 100 100 100 100 100 100 ]
Pmax = [ 299 299 299 299 299 299 299 299 299 299 375 375 375 375 375 375 375 375 375 375 282 282 282 282 282 282 282 282 282 282 419 419 419 419 419 419 419 419 419 419 81 81 81 81 81 81 81 81 81 81 399 399 399 399 399 399 399 399 399 399 ]
cf = [ 62.6476 62.6476 62.6476 62.6476 62.6476 62.6476 62.6476 62.6476 62.6476 62.6476 27.2762 27.2762 27.2762 27.2762 27.2762 27.2762 27.2762 27.2762 27.2762 27.2762 54.9703 54.9703 54.9703 54.9703 54.9703 54.9703 54.9703 54.9703 54.9703 54.9703 35.5554 35.5554 35.5554 35.5554 35.5554 35.5554 35.5554 35.5554 35.5554 35.5554 20.0932 20.0932 20.0932 20.0932 20.0932 20.0932 20.0932 20.0932 20.0932 20.0932 30.0633 30.0633 30.0633 30.0633 30.0633 30.0633 30.0633 30.0633 30.0633 30.0633 ]
c0 = [ 216 216 216 216 216 216 216 216 216 216 240 240 240 240 240 240 240 240 240 240 190 190 190 190 190 190 190 190 190 190 250 250 250 250 250 250 250 250 250 250 97 97 97 97 97 97 97 97 97 97 250 250 250 250 250 250 250 250 250 250 ]
cp = [ 15.9229 15.9229 15.9229 15.9229 15.9229 15.9229 15.9229 15.9229 15.9229 15.9229 14.9896 14.9896 14.9896 14.9896 14.9896 14.9896 14.9896 14.9896 14.9896 14.9896 20.3923 20.3923 20.3923 20.3923 20.3923 20.3923 20.3923 20.3923 20.3923 20.3923 10.907 10.907 10.907 10.907 10.907 10.907 10.907 10.907 10.907 10.907 37.1355 37.1355 37.1355 37.1355 37.1355 37.1355 37.1355 37.1355 37.1355 37.1355 10.3756 10.3756 10.3756 10.3756 10.3756 10.3756 10.3756 10.3756 10.3756 10.3756 ]
D = [ 3642 4497 5021 5190 5967 6275 6940 7085 7649 8231 8443 8992 9686 10114 10556 11016 11832 12108 12378 12994 13107 14182 14439 14743 15022 14763 14071 13476 12784 12421 11901 11024 10299 9826 9385 9585 10312 11426 12038 12853 13331 12618 11703 10596 9093 8143 7021 6600 ]
K = 6
nk = [ 1 1 1 1 1 1 1 1 1 1 2 2 2 2 2 2 2 2 2 2 3 3 3 3 3 3 3 3 3 3 4 4 4 4 4 4 4 4 4 4 5 5 5 5 5 5 5 5 5 5 6 6 6 6 6 6 6 6 6 6 ]
First = [ 1 0 0 0 0 0 0 0 0 0 1 0 0 0 0 0 0 0 0 0 1 0 0 0 0 0 0 0 0 0 1 0 0 0 0 0 0 0 0 0 1 0 0 0 0 0 0 0 0 0 1 0 0 0 0 0 0 0 0 0 ]
Last = [ 0 0 0 0 0 0 0 0 0 1 0 0 0 0 0 0 0 0 0 1 0 0 0 0 0 0 0 0 0 1 0 0 0 0 0 0 0 0 0 1 0 0 0 0 0 0 0 0 0 1 0 0 0 0 0 0 0 0 0 1 ]
nS = 1
S = [ 0 1 2 3 4 5 6 7 8 9 10 11 12 13 14 15 16 17 18 19 20 21 22 23 24 25 26 27 28 29 30 31 32 33 34 35 36 37 38 39 40 41 42 43 44 45 46 47 48 49 50 51 52 53 54 55 56 57 58 59 ]
