n = 60 ; 
T = 48 ; 
Init = [ 0 0 0 0 0 0 0 0 0 0 0 0 0 0 0 0 0 0 0 0 0 0 0 0 0 0 0 0 0 0 1 1 1 1 1 1 1 1 1 1 1 1 1 1 1 0 0 0 0 0 0 0 0 0 0 0 0 0 0 0 ]
L = [ 17 17 17 17 17 17 17 17 17 17 17 17 17 17 17 13 13 13 13 13 13 13 13 13 13 13 13 13 13 13 18 18 18 18 18 18 18 18 18 18 18 18 18 18 18 10 10 10 10 10 10 10 10 10 10 10 10 10 10 10 ]
l = [ 17 17 17 17 17 17 17 17 17 17 17 17 17 17 17 13 13 13 13 13 13 13 13 13 13 13 13 13 13 13 18 18 18 18 18 18 18 18 18 18 18 18 18 18 18 10 10 10 10 10 10 10 10 10 10 10 10 10 10 10 ]
Pmin = [ 94 94 94 94 94 94 94 94 94 94 94 94 94 94 94 72 72 72 72 72 72 72 72 72 72 72 72 72 72 72 92 92 92 92 92 92 92 92 92 92 92 92 92 92 92 50 50 50 50 50 50 50 50 50 50 50 50 50 50 50 ]
Pmax = [ 361 361 361 361 361 361 361 361 361 361 361 361 361 361 361 267 267 267 267 267 267 267 267 267 267 267 267 267 267 267 380 380 380 380 380 380 380 380 380 380 380 380 380 380 380 183 183 183 183 183 183 183 183 183 183 183 183 183 183 183 ]
cf = [ 35.7325 35.7325 35.7325 35.7325 35.7325 35.7325 35.7325 35.7325 35.7325 35.7325 35.7325 35.7325 35.7325 35.7325 35.7325 51.4308 51.4308 51.4308 51.4308 51.4308 51.4308 51.4308 51.4308 51.4308 51.4308 51.4308 51.4308 51.4308 51.4308 51.4308 35.7579 35.7579 35.7579 35.7579 35.7579 35.7579 35.7579 35.7579 35.7579 35.7579 35.7579 35.7579 35.7579 35.7579 35.7579 62.2771 62.2771 62.2771 62.2771 62.2771 62.2771 62.2771 62.2771 62.2771 62.2771 62.2771 62.2771 62.2771 62.2771 62.2771 ]
c0 = [ 242 242 242 242 242 242 242 242 242 242 242 242 242 242 242 202 202 202 202 202 202 202 202 202 202 202 202 202 202 202 234 234 234 234 234 234 234 234 234 234 234 234 234 234 234 132 132 132 132 132 132 132 132 132 132 132 132 132 132 132 ]
cp = [ 16.0793 16.0793 16.0793 16.0793 16.0793 16.0793 16.0793 16.0793 16.0793 16.0793 16.0793 16.0793 16.0793 16.0793 16.0793 20.7028 20.7028 20.7028 20.7028 20.7028 20.7028 20.7028 20.7028 20.7028 20.7028 20.7028 20.7028 20.7028 20.7028 20.7028 10.9543 10.9543 10.9543 10.9543 10.9543 10.9543 10.9543 10.9543 10.9543 10.9543 10.9543 10.9543 10.9543 10.9543 10.9543 26.0192 26.0192 26.0192 26.0192 26.0192 26.0192 26.0192 26.0192 26.0192 26.0192 26.0192 26.0192 26.0192 26.0192 26.0192 ]
D = [ 5242 5288 6207 6376 6774 7247 7372 8084 8019 8727 9085 9887 10098 10798 10591 11540 11406 12251 12762 12912 13710 13503 13891 14903 14824 14670 14011 13557 12425 11828 11620 11225 10257 9837 9193 9582 10594 11749 12432 12963 13694 12319 11235 10475 8668 7675 6732 5090 ]
K = 4
nk = [ 1 1 1 1 1 1 1 1 1 1 1 1 1 1 1 2 2 2 2 2 2 2 2 2 2 2 2 2 2 2 3 3 3 3 3 3 3 3 3 3 3 3 3 3 3 4 4 4 4 4 4 4 4 4 4 4 4 4 4 4 ]
First = [ 1 0 0 0 0 0 0 0 0 0 0 0 0 0 0 1 0 0 0 0 0 0 0 0 0 0 0 0 0 0 1 0 0 0 0 0 0 0 0 0 0 0 0 0 0 1 0 0 0 0 0 0 0 0 0 0 0 0 0 0 ]
Last = [ 0 0 0 0 0 0 0 0 0 0 0 0 0 0 1 0 0 0 0 0 0 0 0 0 0 0 0 0 0 1 0 0 0 0 0 0 0 0 0 0 0 0 0 0 1 0 0 0 0 0 0 0 0 0 0 0 0 0 0 1 ]
nS = 1
S = [ 0 1 2 3 4 5 6 7 8 9 10 11 12 13 14 15 16 17 18 19 20 21 22 23 24 25 26 27 28 29 30 31 32 33 34 35 36 37 38 39 40 41 42 43 44 45 46 47 48 49 50 51 52 53 54 55 56 57 58 59 ]
