n = 60 ; 
T = 48 ; 
Init = [ 0 0 0 0 0 0 0 0 0 0 0 0 0 0 0 0 0 0 0 0 0 0 0 0 1 1 1 1 1 1 1 1 1 1 1 1 0 0 0 0 0 0 0 0 0 0 0 0 0 0 0 0 0 0 0 0 0 0 0 0 ]
L = [ 15 15 15 15 15 15 15 15 15 15 15 15 11 11 11 11 11 11 11 11 11 11 11 11 5 5 5 5 5 5 5 5 5 5 5 5 5 5 5 5 5 5 5 5 5 5 5 5 6 6 6 6 6 6 6 6 6 6 6 6 ]
l = [ 15 15 15 15 15 15 15 15 15 15 15 15 11 11 11 11 11 11 11 11 11 11 11 11 5 5 5 5 5 5 5 5 5 5 5 5 5 5 5 5 5 5 5 5 5 5 5 5 6 6 6 6 6 6 6 6 6 6 6 6 ]
Pmin = [ 76 76 76 76 76 76 76 76 76 76 76 76 52 52 52 52 52 52 52 52 52 52 52 52 24 24 24 24 24 24 24 24 24 24 24 24 21 21 21 21 21 21 21 21 21 21 21 21 25 25 25 25 25 25 25 25 25 25 25 25 ]
Pmax = [ 315 315 315 315 315 315 315 315 315 315 315 315 198 198 198 198 198 198 198 198 198 198 198 198 59 59 59 59 59 59 59 59 59 59 59 59 38 38 38 38 38 38 38 38 38 38 38 38 80 80 80 80 80 80 80 80 80 80 80 80 ]
cf = [ 65.6767 65.6767 65.6767 65.6767 65.6767 65.6767 65.6767 65.6767 65.6767 65.6767 65.6767 65.6767 26.7852 26.7852 26.7852 26.7852 26.7852 26.7852 26.7852 26.7852 26.7852 26.7852 26.7852 26.7852 54.2926 54.2926 54.2926 54.2926 54.2926 54.2926 54.2926 54.2926 54.2926 54.2926 54.2926 54.2926 34.7158 34.7158 34.7158 34.7158 34.7158 34.7158 34.7158 34.7158 34.7158 34.7158 34.7158 34.7158 68.3538 68.3538 68.3538 68.3538 68.3538 68.3538 68.3538 68.3538 68.3538 68.3538 68.3538 68.3538 ]
c0 = [ 209 209 209 209 209 209 209 209 209 209 209 209 136 136 136 136 136 136 136 136 136 136 136 136 90 90 90 90 90 90 90 90 90 90 90 90 71 71 71 71 71 71 71 71 71 71 71 71 78 78 78 78 78 78 78 78 78 78 78 78 ]
cp = [ 17.328 17.328 17.328 17.328 17.328 17.328 17.328 17.328 17.328 17.328 17.328 17.328 33.1129 33.1129 33.1129 33.1129 33.1129 33.1129 33.1129 33.1129 33.1129 33.1129 33.1129 33.1129 40.0582 40.0582 40.0582 40.0582 40.0582 40.0582 40.0582 40.0582 40.0582 40.0582 40.0582 40.0582 41.1781 41.1781 41.1781 41.1781 41.1781 41.1781 41.1781 41.1781 41.1781 41.1781 41.1781 41.1781 38.2914 38.2914 38.2914 38.2914 38.2914 38.2914 38.2914 38.2914 38.2914 38.2914 38.2914 38.2914 ]
D = [ 1960 2164 2467 2519 2929 3130 3314 3325 3610 3733 4008 4371 4606 4646 4816 5236 5248 5665 5726 5898 6176 6505 6432 6705 7125 6534 6517 6283 6041 5528 5313 5047 4862 4743 4323 4585 5035 5168 5565 5763 6142 5824 5394 4688 4202 3735 3242 2892 ]
K = 5
nk = [ 1 1 1 1 1 1 1 1 1 1 1 1 2 2 2 2 2 2 2 2 2 2 2 2 3 3 3 3 3 3 3 3 3 3 3 3 4 4 4 4 4 4 4 4 4 4 4 4 5 5 5 5 5 5 5 5 5 5 5 5 ]
First = [ 1 0 0 0 0 0 0 0 0 0 0 0 1 0 0 0 0 0 0 0 0 0 0 0 1 0 0 0 0 0 0 0 0 0 0 0 1 0 0 0 0 0 0 0 0 0 0 0 1 0 0 0 0 0 0 0 0 0 0 0 ]
Last = [ 0 0 0 0 0 0 0 0 0 0 0 1 0 0 0 0 0 0 0 0 0 0 0 1 0 0 0 0 0 0 0 0 0 0 0 1 0 0 0 0 0 0 0 0 0 0 0 1 0 0 0 0 0 0 0 0 0 0 0 1 ]
nS = 1
S = [ 0 1 2 3 4 5 6 7 8 9 10 11 12 13 14 15 16 17 18 19 20 21 22 23 24 25 26 27 28 29 30 31 32 33 34 35 36 37 38 39 40 41 42 43 44 45 46 47 48 49 50 51 52 53 54 55 56 57 58 59 ]
