n = 60 ; 
T = 48 ; 
Init = [ 1 1 1 1 1 1 1 1 1 1 1 1 1 1 1 1 1 1 1 1 1 1 1 1 1 1 1 1 1 1 1 1 1 1 1 1 1 1 1 1 1 1 1 1 1 1 1 1 1 1 1 1 1 1 1 1 1 1 1 1 ]
L = [ 6 6 6 6 6 6 6 6 6 6 6 6 6 6 6 6 6 6 6 6 8 8 8 8 8 8 8 8 8 8 8 8 8 8 8 8 8 8 8 8 8 8 8 8 8 8 8 8 8 8 8 8 8 8 8 8 8 8 8 8 ]
l = [ 6 6 6 6 6 6 6 6 6 6 6 6 6 6 6 6 6 6 6 6 8 8 8 8 8 8 8 8 8 8 8 8 8 8 8 8 8 8 8 8 8 8 8 8 8 8 8 8 8 8 8 8 8 8 8 8 8 8 8 8 ]
Pmin = [ 29 29 29 29 29 29 29 29 29 29 29 29 29 29 29 29 29 29 29 29 41 41 41 41 41 41 41 41 41 41 41 41 41 41 41 41 41 41 41 41 39 39 39 39 39 39 39 39 39 39 39 39 39 39 39 39 39 39 39 39 ]
Pmax = [ 71 71 71 71 71 71 71 71 71 71 71 71 71 71 71 71 71 71 71 71 127 127 127 127 127 127 127 127 127 127 127 127 127 127 127 127 127 127 127 127 129 129 129 129 129 129 129 129 129 129 129 129 129 129 129 129 129 129 129 129 ]
cf = [ 12.8621 12.8621 12.8621 12.8621 12.8621 12.8621 12.8621 12.8621 12.8621 12.8621 12.8621 12.8621 12.8621 12.8621 12.8621 12.8621 12.8621 12.8621 12.8621 12.8621 45.6328 45.6328 45.6328 45.6328 45.6328 45.6328 45.6328 45.6328 45.6328 45.6328 45.6328 45.6328 45.6328 45.6328 45.6328 45.6328 45.6328 45.6328 45.6328 45.6328 22.3385 22.3385 22.3385 22.3385 22.3385 22.3385 22.3385 22.3385 22.3385 22.3385 22.3385 22.3385 22.3385 22.3385 22.3385 22.3385 22.3385 22.3385 22.3385 22.3385 ]
c0 = [ 94 94 94 94 94 94 94 94 94 94 94 94 94 94 94 94 94 94 94 94 119 119 119 119 119 119 119 119 119 119 119 119 119 119 119 119 119 119 119 119 113 113 113 113 113 113 113 113 113 113 113 113 113 113 113 113 113 113 113 113 ]
cp = [ 31.7835 31.7835 31.7835 31.7835 31.7835 31.7835 31.7835 31.7835 31.7835 31.7835 31.7835 31.7835 31.7835 31.7835 31.7835 31.7835 31.7835 31.7835 31.7835 31.7835 33.041 33.041 33.041 33.041 33.041 33.041 33.041 33.041 33.041 33.041 33.041 33.041 33.041 33.041 33.041 33.041 33.041 33.041 33.041 33.041 32.91 32.91 32.91 32.91 32.91 32.91 32.91 32.91 32.91 32.91 32.91 32.91 32.91 32.91 32.91 32.91 32.91 32.91 32.91 32.91 ]
D = [ 1699 1833 2131 2297 2322 2395 2603 2914 2875 3185 3193 3369 3393 3635 3877 3838 4193 4144 4463 4512 4616 4895 5063 5069 5204 5137 4750 4746 4419 4162 4081 3871 3605 3417 3230 3598 3831 4200 4474 4786 5060 4739 4101 3798 3313 3036 2549 2014 ]
K = 3
nk = [ 1 1 1 1 1 1 1 1 1 1 1 1 1 1 1 1 1 1 1 1 2 2 2 2 2 2 2 2 2 2 2 2 2 2 2 2 2 2 2 2 3 3 3 3 3 3 3 3 3 3 3 3 3 3 3 3 3 3 3 3 ]
First = [ 1 0 0 0 0 0 0 0 0 0 0 0 0 0 0 0 0 0 0 0 1 0 0 0 0 0 0 0 0 0 0 0 0 0 0 0 0 0 0 0 1 0 0 0 0 0 0 0 0 0 0 0 0 0 0 0 0 0 0 0 ]
Last = [ 0 0 0 0 0 0 0 0 0 0 0 0 0 0 0 0 0 0 0 1 0 0 0 0 0 0 0 0 0 0 0 0 0 0 0 0 0 0 0 1 0 0 0 0 0 0 0 0 0 0 0 0 0 0 0 0 0 0 0 1 ]
nS = 1
S = [ 0 1 2 3 4 5 6 7 8 9 10 11 12 13 14 15 16 17 18 19 20 21 22 23 24 25 26 27 28 29 30 31 32 33 34 35 36 37 38 39 40 41 42 43 44 45 46 47 48 49 50 51 52 53 54 55 56 57 58 59 ]
