n = 60 ; 
T = 48 ; 
Init = [ 1 1 1 1 1 1 1 1 1 1 1 1 0 0 0 0 0 0 0 0 0 0 0 0 0 0 0 0 0 0 0 0 0 0 0 0 0 0 0 0 0 0 0 0 0 0 0 0 0 0 0 0 0 0 0 0 0 0 0 0 ]
L = [ 6 6 6 6 6 6 6 6 6 6 6 6 14 14 14 14 14 14 14 14 14 14 14 14 16 16 16 16 16 16 16 16 16 16 16 16 13 13 13 13 13 13 13 13 13 13 13 13 11 11 11 11 11 11 11 11 11 11 11 11 ]
l = [ 6 6 6 6 6 6 6 6 6 6 6 6 14 14 14 14 14 14 14 14 14 14 14 14 16 16 16 16 16 16 16 16 16 16 16 16 13 13 13 13 13 13 13 13 13 13 13 13 11 11 11 11 11 11 11 11 11 11 11 11 ]
Pmin = [ 36 36 36 36 36 36 36 36 36 36 36 36 73 73 73 73 73 73 73 73 73 73 73 73 90 90 90 90 90 90 90 90 90 90 90 90 67 67 67 67 67 67 67 67 67 67 67 67 57 57 57 57 57 57 57 57 57 57 57 57 ]
Pmax = [ 105 105 105 105 105 105 105 105 105 105 105 105 301 301 301 301 301 301 301 301 301 301 301 301 343 343 343 343 343 343 343 343 343 343 343 343 271 271 271 271 271 271 271 271 271 271 271 271 227 227 227 227 227 227 227 227 227 227 227 227 ]
cf = [ 29.5222 29.5222 29.5222 29.5222 29.5222 29.5222 29.5222 29.5222 29.5222 29.5222 29.5222 29.5222 21.2369 21.2369 21.2369 21.2369 21.2369 21.2369 21.2369 21.2369 21.2369 21.2369 21.2369 21.2369 37.158 37.158 37.158 37.158 37.158 37.158 37.158 37.158 37.158 37.158 37.158 37.158 69.8826 69.8826 69.8826 69.8826 69.8826 69.8826 69.8826 69.8826 69.8826 69.8826 69.8826 69.8826 48.3653 48.3653 48.3653 48.3653 48.3653 48.3653 48.3653 48.3653 48.3653 48.3653 48.3653 48.3653 ]
c0 = [ 119 119 119 119 119 119 119 119 119 119 119 119 199 199 199 199 199 199 199 199 199 199 199 199 233 233 233 233 233 233 233 233 233 233 233 233 175 175 175 175 175 175 175 175 175 175 175 175 160 160 160 160 160 160 160 160 160 160 160 160 ]
cp = [ 38.8446 38.8446 38.8446 38.8446 38.8446 38.8446 38.8446 38.8446 38.8446 38.8446 38.8446 38.8446 15.8507 15.8507 15.8507 15.8507 15.8507 15.8507 15.8507 15.8507 15.8507 15.8507 15.8507 15.8507 13.6971 13.6971 13.6971 13.6971 13.6971 13.6971 13.6971 13.6971 13.6971 13.6971 13.6971 13.6971 20.3275 20.3275 20.3275 20.3275 20.3275 20.3275 20.3275 20.3275 20.3275 20.3275 20.3275 20.3275 20.2719 20.2719 20.2719 20.2719 20.2719 20.2719 20.2719 20.2719 20.2719 20.2719 20.2719 20.2719 ]
D = [ 4685 4993 4809 5312 5940 6084 6614 6686 7430 7488 7676 8228 8905 8769 9540 9938 9883 10591 10474 10895 11730 11587 12140 12485 12738 12289 11723 11430 10666 10469 9426 9051 8809 7827 7602 8157 8686 9160 10032 10354 11131 10438 9559 8660 7479 7017 6164 5172 ]
K = 5
nk = [ 1 1 1 1 1 1 1 1 1 1 1 1 2 2 2 2 2 2 2 2 2 2 2 2 3 3 3 3 3 3 3 3 3 3 3 3 4 4 4 4 4 4 4 4 4 4 4 4 5 5 5 5 5 5 5 5 5 5 5 5 ]
First = [ 1 0 0 0 0 0 0 0 0 0 0 0 1 0 0 0 0 0 0 0 0 0 0 0 1 0 0 0 0 0 0 0 0 0 0 0 1 0 0 0 0 0 0 0 0 0 0 0 1 0 0 0 0 0 0 0 0 0 0 0 ]
Last = [ 0 0 0 0 0 0 0 0 0 0 0 1 0 0 0 0 0 0 0 0 0 0 0 1 0 0 0 0 0 0 0 0 0 0 0 1 0 0 0 0 0 0 0 0 0 0 0 1 0 0 0 0 0 0 0 0 0 0 0 1 ]
nS = 1
S = [ 0 1 2 3 4 5 6 7 8 9 10 11 12 13 14 15 16 17 18 19 20 21 22 23 24 25 26 27 28 29 30 31 32 33 34 35 36 37 38 39 40 41 42 43 44 45 46 47 48 49 50 51 52 53 54 55 56 57 58 59 ]
