n = 60 ; 
T = 48 ; 
Init = [ 0 0 0 0 0 0 0 0 0 0 0 0 1 1 1 1 1 1 1 1 1 1 1 1 0 0 0 0 0 0 0 0 0 0 0 0 0 0 0 0 0 0 0 0 0 0 0 0 0 0 0 0 0 0 0 0 0 0 0 0 ]
L = [ 14 14 14 14 14 14 14 14 14 14 14 14 5 5 5 5 5 5 5 5 5 5 5 5 5 5 5 5 5 5 5 5 5 5 5 5 8 8 8 8 8 8 8 8 8 8 8 8 8 8 8 8 8 8 8 8 8 8 8 8 ]
l = [ 14 14 14 14 14 14 14 14 14 14 14 14 5 5 5 5 5 5 5 5 5 5 5 5 5 5 5 5 5 5 5 5 5 5 5 5 8 8 8 8 8 8 8 8 8 8 8 8 8 8 8 8 8 8 8 8 8 8 8 8 ]
Pmin = [ 68 68 68 68 68 68 68 68 68 68 68 68 24 24 24 24 24 24 24 24 24 24 24 24 23 23 23 23 23 23 23 23 23 23 23 23 40 40 40 40 40 40 40 40 40 40 40 40 35 35 35 35 35 35 35 35 35 35 35 35 ]
Pmax = [ 275 275 275 275 275 275 275 275 275 275 275 275 57 57 57 57 57 57 57 57 57 57 57 57 56 56 56 56 56 56 56 56 56 56 56 56 134 134 134 134 134 134 134 134 134 134 134 134 132 132 132 132 132 132 132 132 132 132 132 132 ]
cf = [ 53.6681 53.6681 53.6681 53.6681 53.6681 53.6681 53.6681 53.6681 53.6681 53.6681 53.6681 53.6681 13.2425 13.2425 13.2425 13.2425 13.2425 13.2425 13.2425 13.2425 13.2425 13.2425 13.2425 13.2425 34.5922 34.5922 34.5922 34.5922 34.5922 34.5922 34.5922 34.5922 34.5922 34.5922 34.5922 34.5922 22.6981 22.6981 22.6981 22.6981 22.6981 22.6981 22.6981 22.6981 22.6981 22.6981 22.6981 22.6981 31.2757 31.2757 31.2757 31.2757 31.2757 31.2757 31.2757 31.2757 31.2757 31.2757 31.2757 31.2757 ]
c0 = [ 191 191 191 191 191 191 191 191 191 191 191 191 79 79 79 79 79 79 79 79 79 79 79 79 74 74 74 74 74 74 74 74 74 74 74 74 112 112 112 112 112 112 112 112 112 112 112 112 111 111 111 111 111 111 111 111 111 111 111 111 ]
cp = [ 24.55 24.55 24.55 24.55 24.55 24.55 24.55 24.55 24.55 24.55 24.55 24.55 32.476 32.476 32.476 32.476 32.476 32.476 32.476 32.476 32.476 32.476 32.476 32.476 36.7568 36.7568 36.7568 36.7568 36.7568 36.7568 36.7568 36.7568 36.7568 36.7568 36.7568 36.7568 26.81 26.81 26.81 26.81 26.81 26.81 26.81 26.81 26.81 26.81 26.81 26.81 31.6818 31.6818 31.6818 31.6818 31.6818 31.6818 31.6818 31.6818 31.6818 31.6818 31.6818 31.6818 ]
D = [ 2210 2439 2584 2728 3087 3137 3438 3345 3783 3787 3938 4289 4444 4712 4945 5104 5055 5237 5698 5673 5981 6026 6489 6576 6653 6317 6125 5923 5543 5447 5080 4879 4510 4098 3853 4212 4533 4645 5035 5291 5531 5141 4501 3965 3653 3056 2803 2254 ]
K = 5
nk = [ 1 1 1 1 1 1 1 1 1 1 1 1 2 2 2 2 2 2 2 2 2 2 2 2 3 3 3 3 3 3 3 3 3 3 3 3 4 4 4 4 4 4 4 4 4 4 4 4 5 5 5 5 5 5 5 5 5 5 5 5 ]
First = [ 1 0 0 0 0 0 0 0 0 0 0 0 1 0 0 0 0 0 0 0 0 0 0 0 1 0 0 0 0 0 0 0 0 0 0 0 1 0 0 0 0 0 0 0 0 0 0 0 1 0 0 0 0 0 0 0 0 0 0 0 ]
Last = [ 0 0 0 0 0 0 0 0 0 0 0 1 0 0 0 0 0 0 0 0 0 0 0 1 0 0 0 0 0 0 0 0 0 0 0 1 0 0 0 0 0 0 0 0 0 0 0 1 0 0 0 0 0 0 0 0 0 0 0 1 ]
nS = 1
S = [ 0 1 2 3 4 5 6 7 8 9 10 11 12 13 14 15 16 17 18 19 20 21 22 23 24 25 26 27 28 29 30 31 32 33 34 35 36 37 38 39 40 41 42 43 44 45 46 47 48 49 50 51 52 53 54 55 56 57 58 59 ]
