n = 60 ; 
T = 48 ; 
Init = [ 1 1 1 1 1 1 1 1 1 1 1 1 1 1 1 1 1 1 1 1 0 0 0 0 0 0 0 0 0 0 0 0 0 0 0 0 0 0 0 0 0 0 0 0 0 0 0 0 0 0 0 0 0 0 0 0 0 0 0 0 ]
L = [ 17 17 17 17 17 17 17 17 17 17 17 17 17 17 17 17 17 17 17 17 19 19 19 19 19 19 19 19 19 19 19 19 19 19 19 19 19 19 19 19 12 12 12 12 12 12 12 12 12 12 12 12 12 12 12 12 12 12 12 12 ]
l = [ 17 17 17 17 17 17 17 17 17 17 17 17 17 17 17 17 17 17 17 17 19 19 19 19 19 19 19 19 19 19 19 19 19 19 19 19 19 19 19 19 12 12 12 12 12 12 12 12 12 12 12 12 12 12 12 12 12 12 12 12 ]
Pmin = [ 94 94 94 94 94 94 94 94 94 94 94 94 94 94 94 94 94 94 94 94 100 100 100 100 100 100 100 100 100 100 100 100 100 100 100 100 100 100 100 100 60 60 60 60 60 60 60 60 60 60 60 60 60 60 60 60 60 60 60 60 ]
Pmax = [ 365 365 365 365 365 365 365 365 365 365 365 365 365 365 365 365 365 365 365 365 390 390 390 390 390 390 390 390 390 390 390 390 390 390 390 390 390 390 390 390 233 233 233 233 233 233 233 233 233 233 233 233 233 233 233 233 233 233 233 233 ]
cf = [ 66.0449 66.0449 66.0449 66.0449 66.0449 66.0449 66.0449 66.0449 66.0449 66.0449 66.0449 66.0449 66.0449 66.0449 66.0449 66.0449 66.0449 66.0449 66.0449 66.0449 65.4153 65.4153 65.4153 65.4153 65.4153 65.4153 65.4153 65.4153 65.4153 65.4153 65.4153 65.4153 65.4153 65.4153 65.4153 65.4153 65.4153 65.4153 65.4153 65.4153 51.8579 51.8579 51.8579 51.8579 51.8579 51.8579 51.8579 51.8579 51.8579 51.8579 51.8579 51.8579 51.8579 51.8579 51.8579 51.8579 51.8579 51.8579 51.8579 51.8579 ]
c0 = [ 250 250 250 250 250 250 250 250 250 250 250 250 250 250 250 250 250 250 250 250 250 250 250 250 250 250 250 250 250 250 250 250 250 250 250 250 250 250 250 250 171 171 171 171 171 171 171 171 171 171 171 171 171 171 171 171 171 171 171 171 ]
cp = [ 16.6321 16.6321 16.6321 16.6321 16.6321 16.6321 16.6321 16.6321 16.6321 16.6321 16.6321 16.6321 16.6321 16.6321 16.6321 16.6321 16.6321 16.6321 16.6321 16.6321 11.8752 11.8752 11.8752 11.8752 11.8752 11.8752 11.8752 11.8752 11.8752 11.8752 11.8752 11.8752 11.8752 11.8752 11.8752 11.8752 11.8752 11.8752 11.8752 11.8752 18.0797 18.0797 18.0797 18.0797 18.0797 18.0797 18.0797 18.0797 18.0797 18.0797 18.0797 18.0797 18.0797 18.0797 18.0797 18.0797 18.0797 18.0797 18.0797 18.0797 ]
D = [ 5340 6350 6232 7418 7796 7932 8273 8746 9546 9733 10787 11112 11768 11692 12170 13285 13709 13805 14818 15168 15484 16271 16762 16749 17614 16451 15493 15304 14465 13750 13013 12221 11229 9879 9775 10252 10918 11456 12701 13671 13898 12988 11864 10329 9636 8494 7578 6022 ]
K = 3
nk = [ 1 1 1 1 1 1 1 1 1 1 1 1 1 1 1 1 1 1 1 1 2 2 2 2 2 2 2 2 2 2 2 2 2 2 2 2 2 2 2 2 3 3 3 3 3 3 3 3 3 3 3 3 3 3 3 3 3 3 3 3 ]
First = [ 1 0 0 0 0 0 0 0 0 0 0 0 0 0 0 0 0 0 0 0 1 0 0 0 0 0 0 0 0 0 0 0 0 0 0 0 0 0 0 0 1 0 0 0 0 0 0 0 0 0 0 0 0 0 0 0 0 0 0 0 ]
Last = [ 0 0 0 0 0 0 0 0 0 0 0 0 0 0 0 0 0 0 0 1 0 0 0 0 0 0 0 0 0 0 0 0 0 0 0 0 0 0 0 1 0 0 0 0 0 0 0 0 0 0 0 0 0 0 0 0 0 0 0 1 ]
nS = 1
S = [ 0 1 2 3 4 5 6 7 8 9 10 11 12 13 14 15 16 17 18 19 20 21 22 23 24 25 26 27 28 29 30 31 32 33 34 35 36 37 38 39 40 41 42 43 44 45 46 47 48 49 50 51 52 53 54 55 56 57 58 59 ]
