n = 60 ; 
T = 48 ; 
Init = [ 1 1 1 1 1 1 1 1 1 1 1 1 1 1 1 0 0 0 0 0 0 0 0 0 0 0 0 0 0 0 0 0 0 0 0 0 0 0 0 0 0 0 0 0 0 1 1 1 1 1 1 1 1 1 1 1 1 1 1 1 ]
L = [ 16 16 16 16 16 16 16 16 16 16 16 16 16 16 16 11 11 11 11 11 11 11 11 11 11 11 11 11 11 11 7 7 7 7 7 7 7 7 7 7 7 7 7 7 7 18 18 18 18 18 18 18 18 18 18 18 18 18 18 18 ]
l = [ 16 16 16 16 16 16 16 16 16 16 16 16 16 16 16 11 11 11 11 11 11 11 11 11 11 11 11 11 11 11 7 7 7 7 7 7 7 7 7 7 7 7 7 7 7 18 18 18 18 18 18 18 18 18 18 18 18 18 18 18 ]
Pmin = [ 95 95 95 95 95 95 95 95 95 95 95 95 95 95 95 55 55 55 55 55 55 55 55 55 55 55 55 55 55 55 32 32 32 32 32 32 32 32 32 32 32 32 32 32 32 96 96 96 96 96 96 96 96 96 96 96 96 96 96 96 ]
Pmax = [ 358 358 358 358 358 358 358 358 358 358 358 358 358 358 358 204 204 204 204 204 204 204 204 204 204 204 204 204 204 204 106 106 106 106 106 106 106 106 106 106 106 106 106 106 106 387 387 387 387 387 387 387 387 387 387 387 387 387 387 387 ]
cf = [ 38.0623 38.0623 38.0623 38.0623 38.0623 38.0623 38.0623 38.0623 38.0623 38.0623 38.0623 38.0623 38.0623 38.0623 38.0623 28.9806 28.9806 28.9806 28.9806 28.9806 28.9806 28.9806 28.9806 28.9806 28.9806 28.9806 28.9806 28.9806 28.9806 28.9806 44.1414 44.1414 44.1414 44.1414 44.1414 44.1414 44.1414 44.1414 44.1414 44.1414 44.1414 44.1414 44.1414 44.1414 44.1414 14.0282 14.0282 14.0282 14.0282 14.0282 14.0282 14.0282 14.0282 14.0282 14.0282 14.0282 14.0282 14.0282 14.0282 14.0282 ]
c0 = [ 243 243 243 243 243 243 243 243 243 243 243 243 243 243 243 157 157 157 157 157 157 157 157 157 157 157 157 157 157 157 99 99 99 99 99 99 99 99 99 99 99 99 99 99 99 245 245 245 245 245 245 245 245 245 245 245 245 245 245 245 ]
cp = [ 22.0206 22.0206 22.0206 22.0206 22.0206 22.0206 22.0206 22.0206 22.0206 22.0206 22.0206 22.0206 22.0206 22.0206 22.0206 27.8441 27.8441 27.8441 27.8441 27.8441 27.8441 27.8441 27.8441 27.8441 27.8441 27.8441 27.8441 27.8441 27.8441 27.8441 38.5073 38.5073 38.5073 38.5073 38.5073 38.5073 38.5073 38.5073 38.5073 38.5073 38.5073 38.5073 38.5073 38.5073 38.5073 10.4751 10.4751 10.4751 10.4751 10.4751 10.4751 10.4751 10.4751 10.4751 10.4751 10.4751 10.4751 10.4751 10.4751 10.4751 ]
D = [ 4234 4253 4795 5239 5588 5853 6547 6372 6787 7110 7493 8386 8340 9088 8892 9772 9606 10185 10425 11205 11309 11925 11869 12115 12940 12340 11866 10963 10805 10377 9574 9051 8919 8303 7868 8213 8623 9644 10091 10561 11549 10571 9494 8628 8043 7047 6073 5600 ]
K = 4
nk = [ 1 1 1 1 1 1 1 1 1 1 1 1 1 1 1 2 2 2 2 2 2 2 2 2 2 2 2 2 2 2 3 3 3 3 3 3 3 3 3 3 3 3 3 3 3 4 4 4 4 4 4 4 4 4 4 4 4 4 4 4 ]
First = [ 1 0 0 0 0 0 0 0 0 0 0 0 0 0 0 1 0 0 0 0 0 0 0 0 0 0 0 0 0 0 1 0 0 0 0 0 0 0 0 0 0 0 0 0 0 1 0 0 0 0 0 0 0 0 0 0 0 0 0 0 ]
Last = [ 0 0 0 0 0 0 0 0 0 0 0 0 0 0 1 0 0 0 0 0 0 0 0 0 0 0 0 0 0 1 0 0 0 0 0 0 0 0 0 0 0 0 0 0 1 0 0 0 0 0 0 0 0 0 0 0 0 0 0 1 ]
nS = 1
S = [ 0 1 2 3 4 5 6 7 8 9 10 11 12 13 14 15 16 17 18 19 20 21 22 23 24 25 26 27 28 29 30 31 32 33 34 35 36 37 38 39 40 41 42 43 44 45 46 47 48 49 50 51 52 53 54 55 56 57 58 59 ]
