n = 60 ; 
T = 48 ; 
Init = [ 0 0 0 0 0 0 0 0 0 0 0 0 0 0 0 0 0 0 0 0 1 1 1 1 1 1 1 1 1 1 1 1 1 1 1 1 1 1 1 1 0 0 0 0 0 0 0 0 0 0 0 0 0 0 0 0 0 0 0 0 ]
L = [ 12 12 12 12 12 12 12 12 12 12 12 12 12 12 12 12 12 12 12 12 10 10 10 10 10 10 10 10 10 10 10 10 10 10 10 10 10 10 10 10 5 5 5 5 5 5 5 5 5 5 5 5 5 5 5 5 5 5 5 5 ]
l = [ 12 12 12 12 12 12 12 12 12 12 12 12 12 12 12 12 12 12 12 12 10 10 10 10 10 10 10 10 10 10 10 10 10 10 10 10 10 10 10 10 5 5 5 5 5 5 5 5 5 5 5 5 5 5 5 5 5 5 5 5 ]
Pmin = [ 61 61 61 61 61 61 61 61 61 61 61 61 61 61 61 61 61 61 61 61 49 49 49 49 49 49 49 49 49 49 49 49 49 49 49 49 49 49 49 49 22 22 22 22 22 22 22 22 22 22 22 22 22 22 22 22 22 22 22 22 ]
Pmax = [ 242 242 242 242 242 242 242 242 242 242 242 242 242 242 242 242 242 242 242 242 182 182 182 182 182 182 182 182 182 182 182 182 182 182 182 182 182 182 182 182 80 80 80 80 80 80 80 80 80 80 80 80 80 80 80 80 80 80 80 80 ]
cf = [ 53.6919 53.6919 53.6919 53.6919 53.6919 53.6919 53.6919 53.6919 53.6919 53.6919 53.6919 53.6919 53.6919 53.6919 53.6919 53.6919 53.6919 53.6919 53.6919 53.6919 36.289 36.289 36.289 36.289 36.289 36.289 36.289 36.289 36.289 36.289 36.289 36.289 36.289 36.289 36.289 36.289 36.289 36.289 36.289 36.289 24.0373 24.0373 24.0373 24.0373 24.0373 24.0373 24.0373 24.0373 24.0373 24.0373 24.0373 24.0373 24.0373 24.0373 24.0373 24.0373 24.0373 24.0373 24.0373 24.0373 ]
c0 = [ 156 156 156 156 156 156 156 156 156 156 156 156 156 156 156 156 156 156 156 156 131 131 131 131 131 131 131 131 131 131 131 131 131 131 131 131 131 131 131 131 69 69 69 69 69 69 69 69 69 69 69 69 69 69 69 69 69 69 69 69 ]
cp = [ 22.9351 22.9351 22.9351 22.9351 22.9351 22.9351 22.9351 22.9351 22.9351 22.9351 22.9351 22.9351 22.9351 22.9351 22.9351 22.9351 22.9351 22.9351 22.9351 22.9351 33.0912 33.0912 33.0912 33.0912 33.0912 33.0912 33.0912 33.0912 33.0912 33.0912 33.0912 33.0912 33.0912 33.0912 33.0912 33.0912 33.0912 33.0912 33.0912 33.0912 40.3087 40.3087 40.3087 40.3087 40.3087 40.3087 40.3087 40.3087 40.3087 40.3087 40.3087 40.3087 40.3087 40.3087 40.3087 40.3087 40.3087 40.3087 40.3087 40.3087 ]
D = [ 3006 3201 3496 3599 3969 3937 4194 4684 4735 5144 5264 5513 5721 6134 6405 6505 6743 7017 7453 7774 7726 8353 8354 8569 8922 8609 8021 7835 7417 7286 6640 6331 6139 5535 5476 5764 6042 6349 6872 7350 7811 7164 6601 5980 5089 4542 4168 3261 ]
K = 3
nk = [ 1 1 1 1 1 1 1 1 1 1 1 1 1 1 1 1 1 1 1 1 2 2 2 2 2 2 2 2 2 2 2 2 2 2 2 2 2 2 2 2 3 3 3 3 3 3 3 3 3 3 3 3 3 3 3 3 3 3 3 3 ]
First = [ 1 0 0 0 0 0 0 0 0 0 0 0 0 0 0 0 0 0 0 0 1 0 0 0 0 0 0 0 0 0 0 0 0 0 0 0 0 0 0 0 1 0 0 0 0 0 0 0 0 0 0 0 0 0 0 0 0 0 0 0 ]
Last = [ 0 0 0 0 0 0 0 0 0 0 0 0 0 0 0 0 0 0 0 1 0 0 0 0 0 0 0 0 0 0 0 0 0 0 0 0 0 0 0 1 0 0 0 0 0 0 0 0 0 0 0 0 0 0 0 0 0 0 0 1 ]
nS = 1
S = [ 0 1 2 3 4 5 6 7 8 9 10 11 12 13 14 15 16 17 18 19 20 21 22 23 24 25 26 27 28 29 30 31 32 33 34 35 36 37 38 39 40 41 42 43 44 45 46 47 48 49 50 51 52 53 54 55 56 57 58 59 ]
