n = 60 ; 
T = 48 ; 
Init = [ 0 0 0 0 0 0 0 0 0 0 0 0 0 0 0 0 0 0 0 0 1 1 1 1 1 1 1 1 1 1 1 1 1 1 1 1 1 1 1 1 1 1 1 1 1 1 1 1 1 1 1 1 1 1 1 1 1 1 1 1 ]
L = [ 17 17 17 17 17 17 17 17 17 17 18 18 18 18 18 18 18 18 18 18 18 18 18 18 18 18 18 18 18 18 11 11 11 11 11 11 11 11 11 11 19 19 19 19 19 19 19 19 19 19 11 11 11 11 11 11 11 11 11 11 ]
l = [ 17 17 17 17 17 17 17 17 17 17 18 18 18 18 18 18 18 18 18 18 18 18 18 18 18 18 18 18 18 18 11 11 11 11 11 11 11 11 11 11 19 19 19 19 19 19 19 19 19 19 11 11 11 11 11 11 11 11 11 11 ]
Pmin = [ 94 94 94 94 94 94 94 94 94 94 95 95 95 95 95 95 95 95 95 95 97 97 97 97 97 97 97 97 97 97 59 59 59 59 59 59 59 59 59 59 100 100 100 100 100 100 100 100 100 100 60 60 60 60 60 60 60 60 60 60 ]
Pmax = [ 362 362 362 362 362 362 362 362 362 362 384 384 384 384 384 384 384 384 384 384 392 392 392 392 392 392 392 392 392 392 212 212 212 212 212 212 212 212 212 212 420 420 420 420 420 420 420 420 420 420 217 217 217 217 217 217 217 217 217 217 ]
cf = [ 67.6488 67.6488 67.6488 67.6488 67.6488 67.6488 67.6488 67.6488 67.6488 67.6488 36.9828 36.9828 36.9828 36.9828 36.9828 36.9828 36.9828 36.9828 36.9828 36.9828 18.6051 18.6051 18.6051 18.6051 18.6051 18.6051 18.6051 18.6051 18.6051 18.6051 22.6054 22.6054 22.6054 22.6054 22.6054 22.6054 22.6054 22.6054 22.6054 22.6054 54.5804 54.5804 54.5804 54.5804 54.5804 54.5804 54.5804 54.5804 54.5804 54.5804 51.7755 51.7755 51.7755 51.7755 51.7755 51.7755 51.7755 51.7755 51.7755 51.7755 ]
c0 = [ 237 237 237 237 237 237 237 237 237 237 250 250 250 250 250 250 250 250 250 250 250 250 250 250 250 250 250 250 250 250 164 164 164 164 164 164 164 164 164 164 250 250 250 250 250 250 250 250 250 250 164 164 164 164 164 164 164 164 164 164 ]
cp = [ 14.273 14.273 14.273 14.273 14.273 14.273 14.273 14.273 14.273 14.273 10.7691 10.7691 10.7691 10.7691 10.7691 10.7691 10.7691 10.7691 10.7691 10.7691 12.2613 12.2613 12.2613 12.2613 12.2613 12.2613 12.2613 12.2613 12.2613 12.2613 30.5125 30.5125 30.5125 30.5125 30.5125 30.5125 30.5125 30.5125 30.5125 30.5125 13.7552 13.7552 13.7552 13.7552 13.7552 13.7552 13.7552 13.7552 13.7552 13.7552 29.1047 29.1047 29.1047 29.1047 29.1047 29.1047 29.1047 29.1047 29.1047 29.1047 ]
D = [ 5107 5823 6185 7063 6915 7807 8099 8432 9119 9154 10259 10795 11143 11000 11552 12274 12680 13247 13657 13663 14109 14766 14963 16105 16635 15991 15178 14720 14086 13544 13087 12323 11253 10710 10376 10755 11906 12665 12929 13523 14664 13052 11998 11302 9894 8943 7725 7069 ]
K = 6
nk = [ 1 1 1 1 1 1 1 1 1 1 2 2 2 2 2 2 2 2 2 2 3 3 3 3 3 3 3 3 3 3 4 4 4 4 4 4 4 4 4 4 5 5 5 5 5 5 5 5 5 5 6 6 6 6 6 6 6 6 6 6 ]
First = [ 1 0 0 0 0 0 0 0 0 0 1 0 0 0 0 0 0 0 0 0 1 0 0 0 0 0 0 0 0 0 1 0 0 0 0 0 0 0 0 0 1 0 0 0 0 0 0 0 0 0 1 0 0 0 0 0 0 0 0 0 ]
Last = [ 0 0 0 0 0 0 0 0 0 1 0 0 0 0 0 0 0 0 0 1 0 0 0 0 0 0 0 0 0 1 0 0 0 0 0 0 0 0 0 1 0 0 0 0 0 0 0 0 0 1 0 0 0 0 0 0 0 0 0 1 ]
nS = 1
S = [ 0 1 2 3 4 5 6 7 8 9 10 11 12 13 14 15 16 17 18 19 20 21 22 23 24 25 26 27 28 29 30 31 32 33 34 35 36 37 38 39 40 41 42 43 44 45 46 47 48 49 50 51 52 53 54 55 56 57 58 59 ]
