n = 60 ; 
T = 48 ; 
Init = [ 1 1 1 1 1 1 1 1 1 1 1 1 1 1 1 1 1 1 1 1 1 1 1 1 1 1 1 1 1 1 1 1 1 1 1 1 1 1 1 1 0 0 0 0 0 0 0 0 0 0 0 0 0 0 0 0 0 0 0 0 ]
L = [ 10 10 10 10 10 10 10 10 10 10 10 10 10 10 10 10 10 10 10 10 12 12 12 12 12 12 12 12 12 12 12 12 12 12 12 12 12 12 12 12 5 5 5 5 5 5 5 5 5 5 5 5 5 5 5 5 5 5 5 5 ]
l = [ 10 10 10 10 10 10 10 10 10 10 10 10 10 10 10 10 10 10 10 10 12 12 12 12 12 12 12 12 12 12 12 12 12 12 12 12 12 12 12 12 5 5 5 5 5 5 5 5 5 5 5 5 5 5 5 5 5 5 5 5 ]
Pmin = [ 49 49 49 49 49 49 49 49 49 49 49 49 49 49 49 49 49 49 49 49 58 58 58 58 58 58 58 58 58 58 58 58 58 58 58 58 58 58 58 58 18 18 18 18 18 18 18 18 18 18 18 18 18 18 18 18 18 18 18 18 ]
Pmax = [ 195 195 195 195 195 195 195 195 195 195 195 195 195 195 195 195 195 195 195 195 231 231 231 231 231 231 231 231 231 231 231 231 231 231 231 231 231 231 231 231 50 50 50 50 50 50 50 50 50 50 50 50 50 50 50 50 50 50 50 50 ]
cf = [ 17.547 17.547 17.547 17.547 17.547 17.547 17.547 17.547 17.547 17.547 17.547 17.547 17.547 17.547 17.547 17.547 17.547 17.547 17.547 17.547 33.8792 33.8792 33.8792 33.8792 33.8792 33.8792 33.8792 33.8792 33.8792 33.8792 33.8792 33.8792 33.8792 33.8792 33.8792 33.8792 33.8792 33.8792 33.8792 33.8792 50.7362 50.7362 50.7362 50.7362 50.7362 50.7362 50.7362 50.7362 50.7362 50.7362 50.7362 50.7362 50.7362 50.7362 50.7362 50.7362 50.7362 50.7362 50.7362 50.7362 ]
c0 = [ 132 132 132 132 132 132 132 132 132 132 132 132 132 132 132 132 132 132 132 132 167 167 167 167 167 167 167 167 167 167 167 167 167 167 167 167 167 167 167 167 60 60 60 60 60 60 60 60 60 60 60 60 60 60 60 60 60 60 60 60 ]
cp = [ 27.7999 27.7999 27.7999 27.7999 27.7999 27.7999 27.7999 27.7999 27.7999 27.7999 27.7999 27.7999 27.7999 27.7999 27.7999 27.7999 27.7999 27.7999 27.7999 27.7999 26.7913 26.7913 26.7913 26.7913 26.7913 26.7913 26.7913 26.7913 26.7913 26.7913 26.7913 26.7913 26.7913 26.7913 26.7913 26.7913 26.7913 26.7913 26.7913 26.7913 40.384 40.384 40.384 40.384 40.384 40.384 40.384 40.384 40.384 40.384 40.384 40.384 40.384 40.384 40.384 40.384 40.384 40.384 40.384 40.384 ]
D = [ 2420 2890 3085 3189 3341 3599 3679 3876 4323 4603 4535 5002 5037 5309 5588 5805 6115 6314 6290 6509 6734 7246 7464 7622 7679 7227 7115 6981 6493 6267 5810 5692 5339 5241 4630 5248 5464 5750 6349 6416 6766 6146 5908 5142 4579 4022 3258 2787 ]
K = 3
nk = [ 1 1 1 1 1 1 1 1 1 1 1 1 1 1 1 1 1 1 1 1 2 2 2 2 2 2 2 2 2 2 2 2 2 2 2 2 2 2 2 2 3 3 3 3 3 3 3 3 3 3 3 3 3 3 3 3 3 3 3 3 ]
First = [ 1 0 0 0 0 0 0 0 0 0 0 0 0 0 0 0 0 0 0 0 1 0 0 0 0 0 0 0 0 0 0 0 0 0 0 0 0 0 0 0 1 0 0 0 0 0 0 0 0 0 0 0 0 0 0 0 0 0 0 0 ]
Last = [ 0 0 0 0 0 0 0 0 0 0 0 0 0 0 0 0 0 0 0 1 0 0 0 0 0 0 0 0 0 0 0 0 0 0 0 0 0 0 0 1 0 0 0 0 0 0 0 0 0 0 0 0 0 0 0 0 0 0 0 1 ]
nS = 1
S = [ 0 1 2 3 4 5 6 7 8 9 10 11 12 13 14 15 16 17 18 19 20 21 22 23 24 25 26 27 28 29 30 31 32 33 34 35 36 37 38 39 40 41 42 43 44 45 46 47 48 49 50 51 52 53 54 55 56 57 58 59 ]
