n = 60 ; 
T = 48 ; 
Init = [ 0 0 0 0 0 0 0 0 0 0 0 0 0 0 0 1 1 1 1 1 1 1 1 1 1 1 1 1 1 1 0 0 0 0 0 0 0 0 0 0 0 0 0 0 0 1 1 1 1 1 1 1 1 1 1 1 1 1 1 1 ]
L = [ 12 12 12 12 12 12 12 12 12 12 12 12 12 12 12 10 10 10 10 10 10 10 10 10 10 10 10 10 10 10 12 12 12 12 12 12 12 12 12 12 12 12 12 12 12 10 10 10 10 10 10 10 10 10 10 10 10 10 10 10 ]
l = [ 12 12 12 12 12 12 12 12 12 12 12 12 12 12 12 10 10 10 10 10 10 10 10 10 10 10 10 10 10 10 12 12 12 12 12 12 12 12 12 12 12 12 12 12 12 10 10 10 10 10 10 10 10 10 10 10 10 10 10 10 ]
Pmin = [ 60 60 60 60 60 60 60 60 60 60 60 60 60 60 60 58 58 58 58 58 58 58 58 58 58 58 58 58 58 58 62 62 62 62 62 62 62 62 62 62 62 62 62 62 62 49 49 49 49 49 49 49 49 49 49 49 49 49 49 49 ]
Pmax = [ 225 225 225 225 225 225 225 225 225 225 225 225 225 225 225 218 218 218 218 218 218 218 218 218 218 218 218 218 218 218 231 231 231 231 231 231 231 231 231 231 231 231 231 231 231 173 173 173 173 173 173 173 173 173 173 173 173 173 173 173 ]
cf = [ 12.6877 12.6877 12.6877 12.6877 12.6877 12.6877 12.6877 12.6877 12.6877 12.6877 12.6877 12.6877 12.6877 12.6877 12.6877 31.1259 31.1259 31.1259 31.1259 31.1259 31.1259 31.1259 31.1259 31.1259 31.1259 31.1259 31.1259 31.1259 31.1259 31.1259 35.732 35.732 35.732 35.732 35.732 35.732 35.732 35.732 35.732 35.732 35.732 35.732 35.732 35.732 35.732 22.1852 22.1852 22.1852 22.1852 22.1852 22.1852 22.1852 22.1852 22.1852 22.1852 22.1852 22.1852 22.1852 22.1852 22.1852 ]
c0 = [ 171 171 171 171 171 171 171 171 171 171 171 171 171 171 171 152 152 152 152 152 152 152 152 152 152 152 152 152 152 152 162 162 162 162 162 162 162 162 162 162 162 162 162 162 162 139 139 139 139 139 139 139 139 139 139 139 139 139 139 139 ]
cp = [ 17.6018 17.6018 17.6018 17.6018 17.6018 17.6018 17.6018 17.6018 17.6018 17.6018 17.6018 17.6018 17.6018 17.6018 17.6018 30.7534 30.7534 30.7534 30.7534 30.7534 30.7534 30.7534 30.7534 30.7534 30.7534 30.7534 30.7534 30.7534 30.7534 30.7534 32.4021 32.4021 32.4021 32.4021 32.4021 32.4021 32.4021 32.4021 32.4021 32.4021 32.4021 32.4021 32.4021 32.4021 32.4021 23.57 23.57 23.57 23.57 23.57 23.57 23.57 23.57 23.57 23.57 23.57 23.57 23.57 23.57 23.57 ]
D = [ 2921 3273 3656 4175 4078 4837 5105 5351 5528 6007 6339 6488 7016 6997 7353 7862 8269 8630 8977 8946 9577 9589 10172 10335 10834 10180 9905 9554 8732 8254 7847 7534 7083 6732 6104 6744 7323 7643 8203 8633 9613 8419 7927 7349 6318 5856 4953 4511 ]
K = 4
nk = [ 1 1 1 1 1 1 1 1 1 1 1 1 1 1 1 2 2 2 2 2 2 2 2 2 2 2 2 2 2 2 3 3 3 3 3 3 3 3 3 3 3 3 3 3 3 4 4 4 4 4 4 4 4 4 4 4 4 4 4 4 ]
First = [ 1 0 0 0 0 0 0 0 0 0 0 0 0 0 0 1 0 0 0 0 0 0 0 0 0 0 0 0 0 0 1 0 0 0 0 0 0 0 0 0 0 0 0 0 0 1 0 0 0 0 0 0 0 0 0 0 0 0 0 0 ]
Last = [ 0 0 0 0 0 0 0 0 0 0 0 0 0 0 1 0 0 0 0 0 0 0 0 0 0 0 0 0 0 1 0 0 0 0 0 0 0 0 0 0 0 0 0 0 1 0 0 0 0 0 0 0 0 0 0 0 0 0 0 1 ]
nS = 1
S = [ 0 1 2 3 4 5 6 7 8 9 10 11 12 13 14 15 16 17 18 19 20 21 22 23 24 25 26 27 28 29 30 31 32 33 34 35 36 37 38 39 40 41 42 43 44 45 46 47 48 49 50 51 52 53 54 55 56 57 58 59 ]
