n = 60 ; 
T = 48 ; 
Init = [ 0 0 0 0 0 0 0 0 0 0 1 1 1 1 1 1 1 1 1 1 0 0 0 0 0 0 0 0 0 0 0 0 0 0 0 0 0 0 0 0 1 1 1 1 1 1 1 1 1 1 0 0 0 0 0 0 0 0 0 0 ]
L = [ 14 14 14 14 14 14 14 14 14 14 10 10 10 10 10 10 10 10 10 10 17 17 17 17 17 17 17 17 17 17 18 18 18 18 18 18 18 18 18 18 14 14 14 14 14 14 14 14 14 14 16 16 16 16 16 16 16 16 16 16 ]
l = [ 14 14 14 14 14 14 14 14 14 14 10 10 10 10 10 10 10 10 10 10 17 17 17 17 17 17 17 17 17 17 18 18 18 18 18 18 18 18 18 18 14 14 14 14 14 14 14 14 14 14 16 16 16 16 16 16 16 16 16 16 ]
Pmin = [ 83 83 83 83 83 83 83 83 83 83 54 54 54 54 54 54 54 54 54 54 100 100 100 100 100 100 100 100 100 100 95 95 95 95 95 95 95 95 95 95 77 77 77 77 77 77 77 77 77 77 79 79 79 79 79 79 79 79 79 79 ]
Pmax = [ 317 317 317 317 317 317 317 317 317 317 187 187 187 187 187 187 187 187 187 187 391 391 391 391 391 391 391 391 391 391 388 388 388 388 388 388 388 388 388 388 294 294 294 294 294 294 294 294 294 294 313 313 313 313 313 313 313 313 313 313 ]
cf = [ 50.3637 50.3637 50.3637 50.3637 50.3637 50.3637 50.3637 50.3637 50.3637 50.3637 64.7285 64.7285 64.7285 64.7285 64.7285 64.7285 64.7285 64.7285 64.7285 64.7285 28.01 28.01 28.01 28.01 28.01 28.01 28.01 28.01 28.01 28.01 51.2508 51.2508 51.2508 51.2508 51.2508 51.2508 51.2508 51.2508 51.2508 51.2508 28.1289 28.1289 28.1289 28.1289 28.1289 28.1289 28.1289 28.1289 28.1289 28.1289 58.9588 58.9588 58.9588 58.9588 58.9588 58.9588 58.9588 58.9588 58.9588 58.9588 ]
c0 = [ 216 216 216 216 216 216 216 216 216 216 152 152 152 152 152 152 152 152 152 152 250 250 250 250 250 250 250 250 250 250 238 238 238 238 238 238 238 238 238 238 211 211 211 211 211 211 211 211 211 211 212 212 212 212 212 212 212 212 212 212 ]
cp = [ 17.2086 17.2086 17.2086 17.2086 17.2086 17.2086 17.2086 17.2086 17.2086 17.2086 38.1159 38.1159 38.1159 38.1159 38.1159 38.1159 38.1159 38.1159 38.1159 38.1159 12.0153 12.0153 12.0153 12.0153 12.0153 12.0153 12.0153 12.0153 12.0153 12.0153 11.4398 11.4398 11.4398 11.4398 11.4398 11.4398 11.4398 11.4398 11.4398 11.4398 16.6498 16.6498 16.6498 16.6498 16.6498 16.6498 16.6498 16.6498 16.6498 16.6498 18.4187 18.4187 18.4187 18.4187 18.4187 18.4187 18.4187 18.4187 18.4187 18.4187 ]
D = [ 5285 5073 5523 5988 6480 7279 7243 8126 8147 9244 9257 9770 10362 10592 10768 11528 12132 12642 13025 13180 14026 13940 14351 15352 15517 14691 14224 13651 12884 12417 11837 10867 10508 9942 9001 10102 10547 11294 12087 12872 13525 12714 10885 9757 8741 7408 6604 5000 ]
K = 6
nk = [ 1 1 1 1 1 1 1 1 1 1 2 2 2 2 2 2 2 2 2 2 3 3 3 3 3 3 3 3 3 3 4 4 4 4 4 4 4 4 4 4 5 5 5 5 5 5 5 5 5 5 6 6 6 6 6 6 6 6 6 6 ]
First = [ 1 0 0 0 0 0 0 0 0 0 1 0 0 0 0 0 0 0 0 0 1 0 0 0 0 0 0 0 0 0 1 0 0 0 0 0 0 0 0 0 1 0 0 0 0 0 0 0 0 0 1 0 0 0 0 0 0 0 0 0 ]
Last = [ 0 0 0 0 0 0 0 0 0 1 0 0 0 0 0 0 0 0 0 1 0 0 0 0 0 0 0 0 0 1 0 0 0 0 0 0 0 0 0 1 0 0 0 0 0 0 0 0 0 1 0 0 0 0 0 0 0 0 0 1 ]
nS = 1
S = [ 0 1 2 3 4 5 6 7 8 9 10 11 12 13 14 15 16 17 18 19 20 21 22 23 24 25 26 27 28 29 30 31 32 33 34 35 36 37 38 39 40 41 42 43 44 45 46 47 48 49 50 51 52 53 54 55 56 57 58 59 ]
