n = 60 ; 
T = 48 ; 
Init = [ 0 0 0 0 0 0 0 0 0 0 0 0 0 0 0 0 0 0 0 0 0 0 0 0 1 1 1 1 1 1 1 1 1 1 1 1 1 1 1 1 1 1 1 1 1 1 1 1 0 0 0 0 0 0 0 0 0 0 0 0 ]
L = [ 12 12 12 12 12 12 12 12 12 12 12 12 16 16 16 16 16 16 16 16 16 16 16 16 7 7 7 7 7 7 7 7 7 7 7 7 6 6 6 6 6 6 6 6 6 6 6 6 18 18 18 18 18 18 18 18 18 18 18 18 ]
l = [ 12 12 12 12 12 12 12 12 12 12 12 12 16 16 16 16 16 16 16 16 16 16 16 16 7 7 7 7 7 7 7 7 7 7 7 7 6 6 6 6 6 6 6 6 6 6 6 6 18 18 18 18 18 18 18 18 18 18 18 18 ]
Pmin = [ 63 63 63 63 63 63 63 63 63 63 63 63 82 82 82 82 82 82 82 82 82 82 82 82 31 31 31 31 31 31 31 31 31 31 31 31 25 25 25 25 25 25 25 25 25 25 25 25 100 100 100 100 100 100 100 100 100 100 100 100 ]
Pmax = [ 248 248 248 248 248 248 248 248 248 248 248 248 339 339 339 339 339 339 339 339 339 339 339 339 110 110 110 110 110 110 110 110 110 110 110 110 91 91 91 91 91 91 91 91 91 91 91 91 389 389 389 389 389 389 389 389 389 389 389 389 ]
cf = [ 60.8746 60.8746 60.8746 60.8746 60.8746 60.8746 60.8746 60.8746 60.8746 60.8746 60.8746 60.8746 22.9043 22.9043 22.9043 22.9043 22.9043 22.9043 22.9043 22.9043 22.9043 22.9043 22.9043 22.9043 45.9953 45.9953 45.9953 45.9953 45.9953 45.9953 45.9953 45.9953 45.9953 45.9953 45.9953 45.9953 61.8028 61.8028 61.8028 61.8028 61.8028 61.8028 61.8028 61.8028 61.8028 61.8028 61.8028 61.8028 58.8622 58.8622 58.8622 58.8622 58.8622 58.8622 58.8622 58.8622 58.8622 58.8622 58.8622 58.8622 ]
c0 = [ 168 168 168 168 168 168 168 168 168 168 168 168 221 221 221 221 221 221 221 221 221 221 221 221 90 90 90 90 90 90 90 90 90 90 90 90 89 89 89 89 89 89 89 89 89 89 89 89 250 250 250 250 250 250 250 250 250 250 250 250 ]
cp = [ 34.2496 34.2496 34.2496 34.2496 34.2496 34.2496 34.2496 34.2496 34.2496 34.2496 34.2496 34.2496 17.586 17.586 17.586 17.586 17.586 17.586 17.586 17.586 17.586 17.586 17.586 17.586 36.0018 36.0018 36.0018 36.0018 36.0018 36.0018 36.0018 36.0018 36.0018 36.0018 36.0018 36.0018 39.3757 39.3757 39.3757 39.3757 39.3757 39.3757 39.3757 39.3757 39.3757 39.3757 39.3757 39.3757 11.8195 11.8195 11.8195 11.8195 11.8195 11.8195 11.8195 11.8195 11.8195 11.8195 11.8195 11.8195 ]
D = [ 2695 3421 3512 4081 4474 4927 5168 5730 6100 6322 6532 7249 7573 8005 8435 8643 8885 9288 10003 10163 10718 10899 11153 11736 12278 11273 11181 10731 10152 9487 9173 8861 7975 7935 7245 8017 8565 9382 9769 10305 10960 10208 8980 8044 7341 6161 5616 4772 ]
K = 5
nk = [ 1 1 1 1 1 1 1 1 1 1 1 1 2 2 2 2 2 2 2 2 2 2 2 2 3 3 3 3 3 3 3 3 3 3 3 3 4 4 4 4 4 4 4 4 4 4 4 4 5 5 5 5 5 5 5 5 5 5 5 5 ]
First = [ 1 0 0 0 0 0 0 0 0 0 0 0 1 0 0 0 0 0 0 0 0 0 0 0 1 0 0 0 0 0 0 0 0 0 0 0 1 0 0 0 0 0 0 0 0 0 0 0 1 0 0 0 0 0 0 0 0 0 0 0 ]
Last = [ 0 0 0 0 0 0 0 0 0 0 0 1 0 0 0 0 0 0 0 0 0 0 0 1 0 0 0 0 0 0 0 0 0 0 0 1 0 0 0 0 0 0 0 0 0 0 0 1 0 0 0 0 0 0 0 0 0 0 0 1 ]
nS = 1
S = [ 0 1 2 3 4 5 6 7 8 9 10 11 12 13 14 15 16 17 18 19 20 21 22 23 24 25 26 27 28 29 30 31 32 33 34 35 36 37 38 39 40 41 42 43 44 45 46 47 48 49 50 51 52 53 54 55 56 57 58 59 ]
