n = 60 ; 
T = 48 ; 
Init = [ 0 0 0 0 0 0 0 0 0 0 0 0 0 0 0 0 0 0 0 0 0 0 0 0 0 0 0 0 0 0 0 0 0 0 0 0 0 0 0 0 1 1 1 1 1 1 1 1 1 1 1 1 1 1 1 1 1 1 1 1 ]
L = [ 16 16 16 16 16 16 16 16 16 16 16 16 16 16 16 16 16 16 16 16 14 14 14 14 14 14 14 14 14 14 14 14 14 14 14 14 14 14 14 14 10 10 10 10 10 10 10 10 10 10 10 10 10 10 10 10 10 10 10 10 ]
l = [ 16 16 16 16 16 16 16 16 16 16 16 16 16 16 16 16 16 16 16 16 14 14 14 14 14 14 14 14 14 14 14 14 14 14 14 14 14 14 14 14 10 10 10 10 10 10 10 10 10 10 10 10 10 10 10 10 10 10 10 10 ]
Pmin = [ 83 83 83 83 83 83 83 83 83 83 83 83 83 83 83 83 83 83 83 83 83 83 83 83 83 83 83 83 83 83 83 83 83 83 83 83 83 83 83 83 58 58 58 58 58 58 58 58 58 58 58 58 58 58 58 58 58 58 58 58 ]
Pmax = [ 333 333 333 333 333 333 333 333 333 333 333 333 333 333 333 333 333 333 333 333 314 314 314 314 314 314 314 314 314 314 314 314 314 314 314 314 314 314 314 314 206 206 206 206 206 206 206 206 206 206 206 206 206 206 206 206 206 206 206 206 ]
cf = [ 26.6478 26.6478 26.6478 26.6478 26.6478 26.6478 26.6478 26.6478 26.6478 26.6478 26.6478 26.6478 26.6478 26.6478 26.6478 26.6478 26.6478 26.6478 26.6478 26.6478 65.7235 65.7235 65.7235 65.7235 65.7235 65.7235 65.7235 65.7235 65.7235 65.7235 65.7235 65.7235 65.7235 65.7235 65.7235 65.7235 65.7235 65.7235 65.7235 65.7235 34.2937 34.2937 34.2937 34.2937 34.2937 34.2937 34.2937 34.2937 34.2937 34.2937 34.2937 34.2937 34.2937 34.2937 34.2937 34.2937 34.2937 34.2937 34.2937 34.2937 ]
c0 = [ 230 230 230 230 230 230 230 230 230 230 230 230 230 230 230 230 230 230 230 230 221 221 221 221 221 221 221 221 221 221 221 221 221 221 221 221 221 221 221 221 153 153 153 153 153 153 153 153 153 153 153 153 153 153 153 153 153 153 153 153 ]
cp = [ 19.8969 19.8969 19.8969 19.8969 19.8969 19.8969 19.8969 19.8969 19.8969 19.8969 19.8969 19.8969 19.8969 19.8969 19.8969 19.8969 19.8969 19.8969 19.8969 19.8969 23.4337 23.4337 23.4337 23.4337 23.4337 23.4337 23.4337 23.4337 23.4337 23.4337 23.4337 23.4337 23.4337 23.4337 23.4337 23.4337 23.4337 23.4337 23.4337 23.4337 23.9617 23.9617 23.9617 23.9617 23.9617 23.9617 23.9617 23.9617 23.9617 23.9617 23.9617 23.9617 23.9617 23.9617 23.9617 23.9617 23.9617 23.9617 23.9617 23.9617 ]
D = [ 4639 4820 5647 5614 6309 6571 7254 7633 7910 8266 8576 9375 9326 10041 10341 11061 11297 11598 11669 12354 12886 13070 13780 14023 14534 13812 12971 12747 11625 11406 10438 10116 9668 9116 8350 8870 9535 10408 10896 12111 12247 11552 10708 9304 8231 7277 6182 5618 ]
K = 3
nk = [ 1 1 1 1 1 1 1 1 1 1 1 1 1 1 1 1 1 1 1 1 2 2 2 2 2 2 2 2 2 2 2 2 2 2 2 2 2 2 2 2 3 3 3 3 3 3 3 3 3 3 3 3 3 3 3 3 3 3 3 3 ]
First = [ 1 0 0 0 0 0 0 0 0 0 0 0 0 0 0 0 0 0 0 0 1 0 0 0 0 0 0 0 0 0 0 0 0 0 0 0 0 0 0 0 1 0 0 0 0 0 0 0 0 0 0 0 0 0 0 0 0 0 0 0 ]
Last = [ 0 0 0 0 0 0 0 0 0 0 0 0 0 0 0 0 0 0 0 1 0 0 0 0 0 0 0 0 0 0 0 0 0 0 0 0 0 0 0 1 0 0 0 0 0 0 0 0 0 0 0 0 0 0 0 0 0 0 0 1 ]
nS = 1
S = [ 0 1 2 3 4 5 6 7 8 9 10 11 12 13 14 15 16 17 18 19 20 21 22 23 24 25 26 27 28 29 30 31 32 33 34 35 36 37 38 39 40 41 42 43 44 45 46 47 48 49 50 51 52 53 54 55 56 57 58 59 ]
