n = 60 ; 
T = 48 ; 
Init = [ 0 0 0 0 0 0 0 0 0 0 1 1 1 1 1 1 1 1 1 1 0 0 0 0 0 0 0 0 0 0 0 0 0 0 0 0 0 0 0 0 1 1 1 1 1 1 1 1 1 1 1 1 1 1 1 1 1 1 1 1 ]
L = [ 6 6 6 6 6 6 6 6 6 6 15 15 15 15 15 15 15 15 15 15 11 11 11 11 11 11 11 11 11 11 18 18 18 18 18 18 18 18 18 18 8 8 8 8 8 8 8 8 8 8 12 12 12 12 12 12 12 12 12 12 ]
l = [ 6 6 6 6 6 6 6 6 6 6 15 15 15 15 15 15 15 15 15 15 11 11 11 11 11 11 11 11 11 11 18 18 18 18 18 18 18 18 18 18 8 8 8 8 8 8 8 8 8 8 12 12 12 12 12 12 12 12 12 12 ]
Pmin = [ 31 31 31 31 31 31 31 31 31 31 78 78 78 78 78 78 78 78 78 78 62 62 62 62 62 62 62 62 62 62 100 100 100 100 100 100 100 100 100 100 50 50 50 50 50 50 50 50 50 50 61 61 61 61 61 61 61 61 61 61 ]
Pmax = [ 90 90 90 90 90 90 90 90 90 90 307 307 307 307 307 307 307 307 307 307 223 223 223 223 223 223 223 223 223 223 404 404 404 404 404 404 404 404 404 404 164 164 164 164 164 164 164 164 164 164 228 228 228 228 228 228 228 228 228 228 ]
cf = [ 12.8505 12.8505 12.8505 12.8505 12.8505 12.8505 12.8505 12.8505 12.8505 12.8505 37.5824 37.5824 37.5824 37.5824 37.5824 37.5824 37.5824 37.5824 37.5824 37.5824 25.3323 25.3323 25.3323 25.3323 25.3323 25.3323 25.3323 25.3323 25.3323 25.3323 42.476 42.476 42.476 42.476 42.476 42.476 42.476 42.476 42.476 42.476 24.2936 24.2936 24.2936 24.2936 24.2936 24.2936 24.2936 24.2936 24.2936 24.2936 23.2271 23.2271 23.2271 23.2271 23.2271 23.2271 23.2271 23.2271 23.2271 23.2271 ]
c0 = [ 92 92 92 92 92 92 92 92 92 92 220 220 220 220 220 220 220 220 220 220 162 162 162 162 162 162 162 162 162 162 250 250 250 250 250 250 250 250 250 250 134 134 134 134 134 134 134 134 134 134 173 173 173 173 173 173 173 173 173 173 ]
cp = [ 38.4054 38.4054 38.4054 38.4054 38.4054 38.4054 38.4054 38.4054 38.4054 38.4054 16.6227 16.6227 16.6227 16.6227 16.6227 16.6227 16.6227 16.6227 16.6227 16.6227 20.6995 20.6995 20.6995 20.6995 20.6995 20.6995 20.6995 20.6995 20.6995 20.6995 14.7868 14.7868 14.7868 14.7868 14.7868 14.7868 14.7868 14.7868 14.7868 14.7868 35.0358 35.0358 35.0358 35.0358 35.0358 35.0358 35.0358 35.0358 35.0358 35.0358 32.4472 32.4472 32.4472 32.4472 32.4472 32.4472 32.4472 32.4472 32.4472 32.4472 ]
D = [ 4482 4529 4838 5180 5556 5679 5836 6097 6422 6857 7414 7835 7702 7995 8585 8871 9088 9480 9689 9895 10145 10580 10779 11261 11199 10750 10633 9932 9663 9301 8671 8232 7616 7560 6596 7649 7876 8363 9376 9628 10248 9555 8531 7887 7186 5885 5225 4440 ]
K = 6
nk = [ 1 1 1 1 1 1 1 1 1 1 2 2 2 2 2 2 2 2 2 2 3 3 3 3 3 3 3 3 3 3 4 4 4 4 4 4 4 4 4 4 5 5 5 5 5 5 5 5 5 5 6 6 6 6 6 6 6 6 6 6 ]
First = [ 1 0 0 0 0 0 0 0 0 0 1 0 0 0 0 0 0 0 0 0 1 0 0 0 0 0 0 0 0 0 1 0 0 0 0 0 0 0 0 0 1 0 0 0 0 0 0 0 0 0 1 0 0 0 0 0 0 0 0 0 ]
Last = [ 0 0 0 0 0 0 0 0 0 1 0 0 0 0 0 0 0 0 0 1 0 0 0 0 0 0 0 0 0 1 0 0 0 0 0 0 0 0 0 1 0 0 0 0 0 0 0 0 0 1 0 0 0 0 0 0 0 0 0 1 ]
nS = 1
S = [ 0 1 2 3 4 5 6 7 8 9 10 11 12 13 14 15 16 17 18 19 20 21 22 23 24 25 26 27 28 29 30 31 32 33 34 35 36 37 38 39 40 41 42 43 44 45 46 47 48 49 50 51 52 53 54 55 56 57 58 59 ]
