n = 60 ; 
T = 48 ; 
Init = [ 0 0 0 0 0 0 0 0 0 0 0 0 1 1 1 1 1 1 1 1 1 1 1 1 0 0 0 0 0 0 0 0 0 0 0 0 1 1 1 1 1 1 1 1 1 1 1 1 1 1 1 1 1 1 1 1 1 1 1 1 ]
L = [ 6 6 6 6 6 6 6 6 6 6 6 6 19 19 19 19 19 19 19 19 19 19 19 19 9 9 9 9 9 9 9 9 9 9 9 9 18 18 18 18 18 18 18 18 18 18 18 18 14 14 14 14 14 14 14 14 14 14 14 14 ]
l = [ 6 6 6 6 6 6 6 6 6 6 6 6 19 19 19 19 19 19 19 19 19 19 19 19 9 9 9 9 9 9 9 9 9 9 9 9 18 18 18 18 18 18 18 18 18 18 18 18 14 14 14 14 14 14 14 14 14 14 14 14 ]
Pmin = [ 29 29 29 29 29 29 29 29 29 29 29 29 100 100 100 100 100 100 100 100 100 100 100 100 42 42 42 42 42 42 42 42 42 42 42 42 100 100 100 100 100 100 100 100 100 100 100 100 72 72 72 72 72 72 72 72 72 72 72 72 ]
Pmax = [ 74 74 74 74 74 74 74 74 74 74 74 74 419 419 419 419 419 419 419 419 419 419 419 419 145 145 145 145 145 145 145 145 145 145 145 145 389 389 389 389 389 389 389 389 389 389 389 389 277 277 277 277 277 277 277 277 277 277 277 277 ]
cf = [ 40.6492 40.6492 40.6492 40.6492 40.6492 40.6492 40.6492 40.6492 40.6492 40.6492 40.6492 40.6492 33.1147 33.1147 33.1147 33.1147 33.1147 33.1147 33.1147 33.1147 33.1147 33.1147 33.1147 33.1147 10.639 10.639 10.639 10.639 10.639 10.639 10.639 10.639 10.639 10.639 10.639 10.639 62.6424 62.6424 62.6424 62.6424 62.6424 62.6424 62.6424 62.6424 62.6424 62.6424 62.6424 62.6424 12.4003 12.4003 12.4003 12.4003 12.4003 12.4003 12.4003 12.4003 12.4003 12.4003 12.4003 12.4003 ]
c0 = [ 95 95 95 95 95 95 95 95 95 95 95 95 250 250 250 250 250 250 250 250 250 250 250 250 132 132 132 132 132 132 132 132 132 132 132 132 250 250 250 250 250 250 250 250 250 250 250 250 199 199 199 199 199 199 199 199 199 199 199 199 ]
cp = [ 34.2045 34.2045 34.2045 34.2045 34.2045 34.2045 34.2045 34.2045 34.2045 34.2045 34.2045 34.2045 21.1458 21.1458 21.1458 21.1458 21.1458 21.1458 21.1458 21.1458 21.1458 21.1458 21.1458 21.1458 32.9381 32.9381 32.9381 32.9381 32.9381 32.9381 32.9381 32.9381 32.9381 32.9381 32.9381 32.9381 17.4913 17.4913 17.4913 17.4913 17.4913 17.4913 17.4913 17.4913 17.4913 17.4913 17.4913 17.4913 21.8079 21.8079 21.8079 21.8079 21.8079 21.8079 21.8079 21.8079 21.8079 21.8079 21.8079 21.8079 ]
D = [ 4263 4628 5337 5510 5858 6426 6442 7152 7557 7985 8387 8404 8706 9356 9291 10155 10125 10605 11121 11561 11629 12409 12744 13052 13071 12823 12136 11444 11179 10717 9796 9021 8551 7966 7617 8311 8485 9594 10000 10832 11371 10219 9108 7989 7114 6192 5563 4286 ]
K = 5
nk = [ 1 1 1 1 1 1 1 1 1 1 1 1 2 2 2 2 2 2 2 2 2 2 2 2 3 3 3 3 3 3 3 3 3 3 3 3 4 4 4 4 4 4 4 4 4 4 4 4 5 5 5 5 5 5 5 5 5 5 5 5 ]
First = [ 1 0 0 0 0 0 0 0 0 0 0 0 1 0 0 0 0 0 0 0 0 0 0 0 1 0 0 0 0 0 0 0 0 0 0 0 1 0 0 0 0 0 0 0 0 0 0 0 1 0 0 0 0 0 0 0 0 0 0 0 ]
Last = [ 0 0 0 0 0 0 0 0 0 0 0 1 0 0 0 0 0 0 0 0 0 0 0 1 0 0 0 0 0 0 0 0 0 0 0 1 0 0 0 0 0 0 0 0 0 0 0 1 0 0 0 0 0 0 0 0 0 0 0 1 ]
nS = 1
S = [ 0 1 2 3 4 5 6 7 8 9 10 11 12 13 14 15 16 17 18 19 20 21 22 23 24 25 26 27 28 29 30 31 32 33 34 35 36 37 38 39 40 41 42 43 44 45 46 47 48 49 50 51 52 53 54 55 56 57 58 59 ]
