n = 60 ; 
T = 288 ; 
Init = [ 1 1 1 1 1 1 1 1 1 1 1 1 1 1 1 1 1 1 1 1 1 1 1 1 1 1 1 1 1 1 1 1 1 1 1 1 1 1 1 1 1 1 1 1 1 1 1 1 1 1 1 1 1 1 1 1 1 1 1 1 ]
L = [ 11 11 11 11 11 11 11 11 11 11 11 11 11 11 11 11 11 11 11 11 11 11 11 11 11 11 11 11 11 11 11 11 11 11 11 11 11 11 11 11 11 11 11 11 11 11 11 11 11 11 11 11 11 11 11 11 11 11 11 11 ]
l = [ 11 11 11 11 11 11 11 11 11 11 11 11 11 11 11 11 11 11 11 11 11 11 11 11 11 11 11 11 11 11 11 11 11 11 11 11 11 11 11 11 11 11 11 11 11 11 11 11 11 11 11 11 11 11 11 11 11 11 11 11 ]
Pmin = [ 60 60 60 60 60 60 60 60 60 60 60 60 60 60 60 60 60 60 60 60 60 60 60 60 60 60 60 60 60 60 60 60 60 60 60 60 60 60 60 60 60 60 60 60 60 60 60 60 60 60 60 60 60 60 60 60 60 60 60 60 ]
Pmax = [ 237 237 237 237 237 237 237 237 237 237 237 237 237 237 237 237 237 237 237 237 237 237 237 237 237 237 237 237 237 237 237 237 237 237 237 237 237 237 237 237 237 237 237 237 237 237 237 237 237 237 237 237 237 237 237 237 237 237 237 237 ]
cf = [ 33.1583 33.1583 33.1583 33.1583 33.1583 33.1583 33.1583 33.1583 33.1583 33.1583 33.1583 33.1583 33.1583 33.1583 33.1583 33.1583 33.1583 33.1583 33.1583 33.1583 33.1583 33.1583 33.1583 33.1583 33.1583 33.1583 33.1583 33.1583 33.1583 33.1583 33.1583 33.1583 33.1583 33.1583 33.1583 33.1583 33.1583 33.1583 33.1583 33.1583 33.1583 33.1583 33.1583 33.1583 33.1583 33.1583 33.1583 33.1583 33.1583 33.1583 33.1583 33.1583 33.1583 33.1583 33.1583 33.1583 33.1583 33.1583 33.1583 33.1583 ]
c0 = [ 176 176 176 176 176 176 176 176 176 176 176 176 176 176 176 176 176 176 176 176 176 176 176 176 176 176 176 176 176 176 176 176 176 176 176 176 176 176 176 176 176 176 176 176 176 176 176 176 176 176 176 176 176 176 176 176 176 176 176 176 ]
cp = [ 28.2637 28.2637 28.2637 28.2637 28.2637 28.2637 28.2637 28.2637 28.2637 28.2637 28.2637 28.2637 28.2637 28.2637 28.2637 28.2637 28.2637 28.2637 28.2637 28.2637 28.2637 28.2637 28.2637 28.2637 28.2637 28.2637 28.2637 28.2637 28.2637 28.2637 28.2637 28.2637 28.2637 28.2637 28.2637 28.2637 28.2637 28.2637 28.2637 28.2637 28.2637 28.2637 28.2637 28.2637 28.2637 28.2637 28.2637 28.2637 28.2637 28.2637 28.2637 28.2637 28.2637 28.2637 28.2637 28.2637 28.2637 28.2637 28.2637 28.2637 ]
D = [ 3170 3041 3705 4047 4316 4712 4914 5395 5840 6440 6342 7110 7306 7657 8331 8283 8614 9394 9769 9624 10458 10784 11030 11526 11836 11483 11021 10257 9829 9238 9267 8424 7906 7663 7364 7812 8664 9264 9827 10189 11021 10159 8822 7953 7074 6044 5330 4415 3245 3948 4438 4852 4978 5156 5595 6152 6244 6861 7354 7656 7858 8187 8729 8920 9769 10061 10472 10808 11251 11144 11519 12419 12516 11966 11670 11051 10562 9897 9449 8900 7994 7662 7152 7642 8188 8818 8922 9753 10057 9499 8341 7693 6521 6100 5268 4570 3652 3784 3978 4428 4818 5516 5461 5741 6545 6495 6993 7449 8013 7910 8392 9064 9113 9337 9791 10110 10571 10636 11179 11477 12105 11375 11163 10421 9782 9392 9336 8789 8178 7395 6943 8030 8115 8916 9361 10465 10863 9970 9126 8252 7471 6755 5631 4546 4067 4498 4686 4731 5429 5923 5809 6598 6948 7335 7424 8039 7886 8450 9106 9143 9539 10118 10510 10883 10919 11306 11769 11960 12662 12064 11433 11136 10289 9791 9621 8715 8292 7957 7310 8360 8724 9305 10220 10580 11194 10239 9254 8324 7578 6327 5648 4376 3775 3601 4105 4758 5015 5145 5443 6261 6713 6597 6916 7525 7822 7986 8892 9134 9578 9638 9858 10317 10931 11191 11305 11638 12189 11714 11134 10589 10399 10014 9261 8897 8543 7930 7286 7810 8518 8795 9204 10000 10365 9349 8442 7929 6713 5778 5142 4006 3341 3568 4117 4087 4794 5289 5561 5806 6038 6439 6820 7499 7747 8157 8481 8510 8833 9458 9926 10118 10720 10991 11420 11403 11922 11285 11238 10479 10253 9534 9344 8710 8424 7852 7396 7856 8385 8808 9719 10120 10581 9569 8914 7888 6924 6231 5441 4439 ]
K = 60
nk = [ 1 1 1 1 1 1 1 1 1 1 1 1 1 1 1 1 1 1 1 1 1 1 1 1 1 1 1 1 1 1 1 1 1 1 1 1 1 1 1 1 1 1 1 1 1 1 1 1 1 1 1 1 1 1 1 1 1 1 1 1 ]
First = [ 1 0 0 0 0 0 0 0 0 0 0 0 0 0 0 0 0 0 0 0 0 0 0 0 0 0 0 0 0 0 0 0 0 0 0 0 0 0 0 0 0 0 0 0 0 0 0 0 0 0 0 0 0 0 0 0 0 0 0 0 ]
Last = [ 0 0 0 0 0 0 0 0 0 0 0 0 0 0 0 0 0 0 0 0 0 0 0 0 0 0 0 0 0 0 0 0 0 0 0 0 0 0 0 0 0 0 0 0 0 0 0 0 0 0 0 0 0 0 0 0 0 0 0 1 ]
nS = 1
S = [ 0 1 2 3 4 5 6 7 8 9 10 11 12 13 14 15 16 17 18 19 20 21 22 23 24 25 26 27 28 29 30 31 32 33 34 35 36 37 38 39 40 41 42 43 44 45 46 47 48 49 50 51 52 53 54 55 56 57 58 59 ]
