n = 60 ; 
T = 288 ; 
Init = [ 1 1 1 1 1 1 1 1 1 1 1 1 1 1 1 1 1 1 1 1 1 1 1 1 1 1 1 1 1 1 1 1 1 1 1 1 1 1 1 1 1 1 1 1 1 1 1 1 1 1 1 1 1 1 1 1 1 1 1 1 ]
L = [ 7 7 7 7 7 7 7 7 7 7 7 7 7 7 7 7 7 7 7 7 7 7 7 7 7 7 7 7 7 7 7 7 7 7 7 7 7 7 7 7 7 7 7 7 7 7 7 7 7 7 7 7 7 7 7 7 7 7 7 7 ]
l = [ 7 7 7 7 7 7 7 7 7 7 7 7 7 7 7 7 7 7 7 7 7 7 7 7 7 7 7 7 7 7 7 7 7 7 7 7 7 7 7 7 7 7 7 7 7 7 7 7 7 7 7 7 7 7 7 7 7 7 7 7 ]
Pmin = [ 33 33 33 33 33 33 33 33 33 33 33 33 33 33 33 33 33 33 33 33 33 33 33 33 33 33 33 33 33 33 33 33 33 33 33 33 33 33 33 33 33 33 33 33 33 33 33 33 33 33 33 33 33 33 33 33 33 33 33 33 ]
Pmax = [ 106 106 106 106 106 106 106 106 106 106 106 106 106 106 106 106 106 106 106 106 106 106 106 106 106 106 106 106 106 106 106 106 106 106 106 106 106 106 106 106 106 106 106 106 106 106 106 106 106 106 106 106 106 106 106 106 106 106 106 106 ]
cf = [ 51.1454 51.1454 51.1454 51.1454 51.1454 51.1454 51.1454 51.1454 51.1454 51.1454 51.1454 51.1454 51.1454 51.1454 51.1454 51.1454 51.1454 51.1454 51.1454 51.1454 51.1454 51.1454 51.1454 51.1454 51.1454 51.1454 51.1454 51.1454 51.1454 51.1454 51.1454 51.1454 51.1454 51.1454 51.1454 51.1454 51.1454 51.1454 51.1454 51.1454 51.1454 51.1454 51.1454 51.1454 51.1454 51.1454 51.1454 51.1454 51.1454 51.1454 51.1454 51.1454 51.1454 51.1454 51.1454 51.1454 51.1454 51.1454 51.1454 51.1454 ]
c0 = [ 110 110 110 110 110 110 110 110 110 110 110 110 110 110 110 110 110 110 110 110 110 110 110 110 110 110 110 110 110 110 110 110 110 110 110 110 110 110 110 110 110 110 110 110 110 110 110 110 110 110 110 110 110 110 110 110 110 110 110 110 ]
cp = [ 35.6833 35.6833 35.6833 35.6833 35.6833 35.6833 35.6833 35.6833 35.6833 35.6833 35.6833 35.6833 35.6833 35.6833 35.6833 35.6833 35.6833 35.6833 35.6833 35.6833 35.6833 35.6833 35.6833 35.6833 35.6833 35.6833 35.6833 35.6833 35.6833 35.6833 35.6833 35.6833 35.6833 35.6833 35.6833 35.6833 35.6833 35.6833 35.6833 35.6833 35.6833 35.6833 35.6833 35.6833 35.6833 35.6833 35.6833 35.6833 35.6833 35.6833 35.6833 35.6833 35.6833 35.6833 35.6833 35.6833 35.6833 35.6833 35.6833 35.6833 ]
D = [ 1687 1867 2033 2034 2210 2392 2510 2784 2976 2984 3256 3308 3475 3830 3866 3955 4225 4320 4442 4696 4956 5040 5227 5440 5440 5180 5049 4962 4606 4292 4212 3853 3812 3483 3219 3430 3869 4053 4379 4593 4879 4370 4039 3641 3071 2870 2399 1939 1558 1761 1840 2034 2074 2289 2350 2554 2658 2836 2969 3220 3358 3432 3599 3652 3784 4151 4221 4266 4470 4564 4716 4887 5187 4971 4712 4594 4433 4176 3893 3814 3609 3511 3221 3575 3701 3989 4143 4477 4795 4273 3796 3442 3100 2639 2190 1829 1228 1391 1542 1884 1969 2182 2290 2298 2664 2618 2857 3052 3150 3255 3598 3753 3779 3969 4208 4393 4532 4589 4857 4961 4994 4965 4635 4457 4388 4040 3957 3597 3506 3415 2982 3290 3727 3969 4125 4515 4805 4347 3825 3361 3103 2509 2294 1649 1355 1551 1768 1756 2079 2066 2188 2365 2726 2690 2979 3197 3185 3511 3640 3853 3810 4057 4289 4464 4610 4800 4885 5113 5255 5013 4741 4555 4369 4188 3932 3909 3510 3310 3116 3631 3756 4021 4299 4625 4949 4652 4332 3780 3394 3043 2543 2209 1892 1992 2140 2266 2547 2707 2845 2888 2989 3303 3398 3498 3815 3871 4050 4079 4367 4572 4624 4764 5053 5211 5368 5457 5519 5321 5125 4738 4625 4301 4173 3815 3431 3290 2898 3232 3690 4128 4345 4743 5080 4458 4021 3741 3269 2849 2437 1838 1629 1644 1866 1896 2233 2331 2511 2534 2768 2854 3010 3112 3324 3479 3704 3764 3801 4087 4150 4257 4545 4766 4840 4891 5140 4983 4774 4617 4532 4260 4020 4003 3596 3427 3290 3499 3962 4030 4366 4659 4917 4573 4132 3511 3173 2806 2351 1899 ]
K = 60
nk = [ 1 1 1 1 1 1 1 1 1 1 1 1 1 1 1 1 1 1 1 1 1 1 1 1 1 1 1 1 1 1 1 1 1 1 1 1 1 1 1 1 1 1 1 1 1 1 1 1 1 1 1 1 1 1 1 1 1 1 1 1 ]
First = [ 1 0 0 0 0 0 0 0 0 0 0 0 0 0 0 0 0 0 0 0 0 0 0 0 0 0 0 0 0 0 0 0 0 0 0 0 0 0 0 0 0 0 0 0 0 0 0 0 0 0 0 0 0 0 0 0 0 0 0 0 ]
Last = [ 0 0 0 0 0 0 0 0 0 0 0 0 0 0 0 0 0 0 0 0 0 0 0 0 0 0 0 0 0 0 0 0 0 0 0 0 0 0 0 0 0 0 0 0 0 0 0 0 0 0 0 0 0 0 0 0 0 0 0 1 ]
nS = 1
S = [ 0 1 2 3 4 5 6 7 8 9 10 11 12 13 14 15 16 17 18 19 20 21 22 23 24 25 26 27 28 29 30 31 32 33 34 35 36 37 38 39 40 41 42 43 44 45 46 47 48 49 50 51 52 53 54 55 56 57 58 59 ]
