n = 60 ; 
T = 288 ; 
Init = [ 1 1 1 1 1 1 1 1 1 1 1 1 1 1 1 1 1 1 1 1 1 1 1 1 1 1 1 1 1 1 1 1 1 1 1 1 1 1 1 1 1 1 1 1 1 1 1 1 1 1 1 1 1 1 1 1 1 1 1 1 ]
L = [ 18 18 18 18 18 18 18 18 18 18 18 18 18 18 18 18 18 18 18 18 18 18 18 18 18 18 18 18 18 18 18 18 18 18 18 18 18 18 18 18 18 18 18 18 18 18 18 18 18 18 18 18 18 18 18 18 18 18 18 18 ]
l = [ 18 18 18 18 18 18 18 18 18 18 18 18 18 18 18 18 18 18 18 18 18 18 18 18 18 18 18 18 18 18 18 18 18 18 18 18 18 18 18 18 18 18 18 18 18 18 18 18 18 18 18 18 18 18 18 18 18 18 18 18 ]
Pmin = [ 96 96 96 96 96 96 96 96 96 96 96 96 96 96 96 96 96 96 96 96 96 96 96 96 96 96 96 96 96 96 96 96 96 96 96 96 96 96 96 96 96 96 96 96 96 96 96 96 96 96 96 96 96 96 96 96 96 96 96 96 ]
Pmax = [ 393 393 393 393 393 393 393 393 393 393 393 393 393 393 393 393 393 393 393 393 393 393 393 393 393 393 393 393 393 393 393 393 393 393 393 393 393 393 393 393 393 393 393 393 393 393 393 393 393 393 393 393 393 393 393 393 393 393 393 393 ]
cf = [ 16.8849 16.8849 16.8849 16.8849 16.8849 16.8849 16.8849 16.8849 16.8849 16.8849 16.8849 16.8849 16.8849 16.8849 16.8849 16.8849 16.8849 16.8849 16.8849 16.8849 16.8849 16.8849 16.8849 16.8849 16.8849 16.8849 16.8849 16.8849 16.8849 16.8849 16.8849 16.8849 16.8849 16.8849 16.8849 16.8849 16.8849 16.8849 16.8849 16.8849 16.8849 16.8849 16.8849 16.8849 16.8849 16.8849 16.8849 16.8849 16.8849 16.8849 16.8849 16.8849 16.8849 16.8849 16.8849 16.8849 16.8849 16.8849 16.8849 16.8849 ]
c0 = [ 247 247 247 247 247 247 247 247 247 247 247 247 247 247 247 247 247 247 247 247 247 247 247 247 247 247 247 247 247 247 247 247 247 247 247 247 247 247 247 247 247 247 247 247 247 247 247 247 247 247 247 247 247 247 247 247 247 247 247 247 ]
cp = [ 15.5738 15.5738 15.5738 15.5738 15.5738 15.5738 15.5738 15.5738 15.5738 15.5738 15.5738 15.5738 15.5738 15.5738 15.5738 15.5738 15.5738 15.5738 15.5738 15.5738 15.5738 15.5738 15.5738 15.5738 15.5738 15.5738 15.5738 15.5738 15.5738 15.5738 15.5738 15.5738 15.5738 15.5738 15.5738 15.5738 15.5738 15.5738 15.5738 15.5738 15.5738 15.5738 15.5738 15.5738 15.5738 15.5738 15.5738 15.5738 15.5738 15.5738 15.5738 15.5738 15.5738 15.5738 15.5738 15.5738 15.5738 15.5738 15.5738 15.5738 ]
D = [ 5711 5841 6055 7139 7721 8217 8981 9702 10167 10761 10890 12051 12133 12673 13473 14008 14655 15112 15647 16888 16738 17785 17792 18812 19818 19022 18081 16993 16538 15992 14793 14214 13209 12577 11551 12148 13033 13791 15462 16223 16986 15144 14367 12512 11565 10055 9088 8199 6926 6810 7555 8544 9198 9625 9983 10860 10857 11405 12046 13123 13413 13809 14929 15136 15419 16458 16586 17238 17824 18308 19281 19624 20410 19428 18949 17649 16753 16102 15507 14115 13723 13305 12334 12783 13922 14437 15195 16706 17202 15810 14664 13603 12038 10501 9078 8172 6789 7415 7584 7961 8929 9562 9865 10060 10920 11596 12220 12540 13066 14206 13845 14953 15031 16248 16974 17006 17479 18490 18304 19527 19518 19362 18569 17634 17058 15618 15025 14432 13064 13031 12261 13186 14168 15025 16535 16880 17859 16687 14988 13187 11658 9989 8741 6738 4585 5544 6687 7328 7349 8355 9218 9541 9810 10878 11574 11665 12762 13302 14238 15113 15140 16284 17058 17586 17762 18408 19081 20203 20331 19223 18617 17894 16878 16857 15305 14584 13931 12873 12146 13605 14702 15042 16176 17838 18599 17096 14573 13099 11488 10197 8006 6718 5254 5888 6617 7299 7188 7996 9409 10079 10138 10690 11510 12258 12885 13228 14080 14999 15482 16061 16747 17420 18111 19015 19769 20861 21266 19827 19220 18542 17388 16262 15211 14366 13197 12197 11356 12394 13578 14583 15613 17121 18000 16604 14672 12932 12145 10387 8887 6962 6056 6730 7297 8028 8127 8993 9545 10437 11228 11911 11667 12434 13251 13911 14784 15528 16140 16500 17046 17752 18613 18908 19374 19966 20252 19738 18474 18214 17259 16585 15606 14287 13672 12646 12386 12892 13754 14124 14909 15947 16385 15057 14050 12495 11212 9520 8094 6808 ]
K = 60
nk = [ 1 1 1 1 1 1 1 1 1 1 1 1 1 1 1 1 1 1 1 1 1 1 1 1 1 1 1 1 1 1 1 1 1 1 1 1 1 1 1 1 1 1 1 1 1 1 1 1 1 1 1 1 1 1 1 1 1 1 1 1 ]
First = [ 1 0 0 0 0 0 0 0 0 0 0 0 0 0 0 0 0 0 0 0 0 0 0 0 0 0 0 0 0 0 0 0 0 0 0 0 0 0 0 0 0 0 0 0 0 0 0 0 0 0 0 0 0 0 0 0 0 0 0 0 ]
Last = [ 0 0 0 0 0 0 0 0 0 0 0 0 0 0 0 0 0 0 0 0 0 0 0 0 0 0 0 0 0 0 0 0 0 0 0 0 0 0 0 0 0 0 0 0 0 0 0 0 0 0 0 0 0 0 0 0 0 0 0 1 ]
nS = 1
S = [ 0 1 2 3 4 5 6 7 8 9 10 11 12 13 14 15 16 17 18 19 20 21 22 23 24 25 26 27 28 29 30 31 32 33 34 35 36 37 38 39 40 41 42 43 44 45 46 47 48 49 50 51 52 53 54 55 56 57 58 59 ]
