n = 60 ; 
T = 288 ; 
Init = [ 0 0 0 0 0 0 0 0 0 0 0 0 0 0 0 0 0 0 0 0 0 0 0 0 0 0 0 0 0 0 0 0 0 0 0 0 0 0 0 0 0 0 0 0 0 0 0 0 0 0 0 0 0 0 0 0 0 0 0 0 ]
L = [ 11 11 11 11 11 11 11 11 11 11 11 11 11 11 11 11 11 11 11 11 11 11 11 11 11 11 11 11 11 11 11 11 11 11 11 11 11 11 11 11 11 11 11 11 11 11 11 11 11 11 11 11 11 11 11 11 11 11 11 11 ]
l = [ 11 11 11 11 11 11 11 11 11 11 11 11 11 11 11 11 11 11 11 11 11 11 11 11 11 11 11 11 11 11 11 11 11 11 11 11 11 11 11 11 11 11 11 11 11 11 11 11 11 11 11 11 11 11 11 11 11 11 11 11 ]
Pmin = [ 57 57 57 57 57 57 57 57 57 57 57 57 57 57 57 57 57 57 57 57 57 57 57 57 57 57 57 57 57 57 57 57 57 57 57 57 57 57 57 57 57 57 57 57 57 57 57 57 57 57 57 57 57 57 57 57 57 57 57 57 ]
Pmax = [ 221 221 221 221 221 221 221 221 221 221 221 221 221 221 221 221 221 221 221 221 221 221 221 221 221 221 221 221 221 221 221 221 221 221 221 221 221 221 221 221 221 221 221 221 221 221 221 221 221 221 221 221 221 221 221 221 221 221 221 221 ]
cf = [ 34.8754 34.8754 34.8754 34.8754 34.8754 34.8754 34.8754 34.8754 34.8754 34.8754 34.8754 34.8754 34.8754 34.8754 34.8754 34.8754 34.8754 34.8754 34.8754 34.8754 34.8754 34.8754 34.8754 34.8754 34.8754 34.8754 34.8754 34.8754 34.8754 34.8754 34.8754 34.8754 34.8754 34.8754 34.8754 34.8754 34.8754 34.8754 34.8754 34.8754 34.8754 34.8754 34.8754 34.8754 34.8754 34.8754 34.8754 34.8754 34.8754 34.8754 34.8754 34.8754 34.8754 34.8754 34.8754 34.8754 34.8754 34.8754 34.8754 34.8754 ]
c0 = [ 167 167 167 167 167 167 167 167 167 167 167 167 167 167 167 167 167 167 167 167 167 167 167 167 167 167 167 167 167 167 167 167 167 167 167 167 167 167 167 167 167 167 167 167 167 167 167 167 167 167 167 167 167 167 167 167 167 167 167 167 ]
cp = [ 18.6317 18.6317 18.6317 18.6317 18.6317 18.6317 18.6317 18.6317 18.6317 18.6317 18.6317 18.6317 18.6317 18.6317 18.6317 18.6317 18.6317 18.6317 18.6317 18.6317 18.6317 18.6317 18.6317 18.6317 18.6317 18.6317 18.6317 18.6317 18.6317 18.6317 18.6317 18.6317 18.6317 18.6317 18.6317 18.6317 18.6317 18.6317 18.6317 18.6317 18.6317 18.6317 18.6317 18.6317 18.6317 18.6317 18.6317 18.6317 18.6317 18.6317 18.6317 18.6317 18.6317 18.6317 18.6317 18.6317 18.6317 18.6317 18.6317 18.6317 ]
D = [ 3649 4016 4433 4588 4986 5509 5474 5748 6204 6293 6631 6834 7165 7500 7882 8264 8264 8666 9135 9165 9241 9985 9952 10089 10513 10347 10053 9545 8841 8847 7962 7680 7242 7024 6616 7209 7618 8339 8394 8978 9508 8833 8022 7284 6664 5423 4787 3887 3479 3687 3936 4387 4704 4846 5526 5720 5910 6180 6868 7242 7505 7743 8013 8485 8796 9138 9627 9538 9873 10428 11055 10954 11678 10832 10629 9803 9673 8947 8412 8153 7292 7191 6509 7168 7352 8024 8532 9093 9689 8738 8055 7299 6771 6014 4854 4293 3549 3946 4074 4632 4797 5132 5531 6004 6305 6417 6531 7233 7696 7953 8323 8411 8660 9075 9244 9829 9787 10486 10769 11257 11553 10665 10313 10045 9449 8554 8238 7686 7392 6877 6026 6689 7299 8168 8447 9562 9687 8866 8408 7252 6891 5947 5083 4114 3478 3534 3972 4489 4702 4850 5281 5640 5980 6369 6412 6747 7324 7423 7760 8068 8368 8681 9037 9325 9460 10000 10207 10737 10692 10563 9808 9902 9342 8703 8427 7923 7561 7414 6588 7573 7647 8385 8889 9525 9812 9321 8191 7485 6784 6213 5506 4796 4052 4045 4308 4788 4957 5184 5503 5963 6314 6529 7027 7101 7420 7861 8027 8571 8475 8765 9084 9776 9686 10048 10257 10875 10750 10776 10295 9509 9022 8549 8084 8044 7269 6773 6388 7149 7717 8488 8884 10038 10730 9723 8520 7630 6770 5968 4797 4076 3250 3112 3935 4209 4577 4541 4785 5136 5622 5753 6316 6764 6966 7086 7426 7725 8097 8387 8703 8999 9548 9905 10274 10423 11071 10369 9892 9575 9482 8745 8280 8180 7507 7007 6852 7283 8013 8839 9292 9650 10277 9456 8952 7943 6912 6420 5381 4393 ]
K = 60
nk = [ 1 1 1 1 1 1 1 1 1 1 1 1 1 1 1 1 1 1 1 1 1 1 1 1 1 1 1 1 1 1 1 1 1 1 1 1 1 1 1 1 1 1 1 1 1 1 1 1 1 1 1 1 1 1 1 1 1 1 1 1 ]
First = [ 1 0 0 0 0 0 0 0 0 0 0 0 0 0 0 0 0 0 0 0 0 0 0 0 0 0 0 0 0 0 0 0 0 0 0 0 0 0 0 0 0 0 0 0 0 0 0 0 0 0 0 0 0 0 0 0 0 0 0 0 ]
Last = [ 0 0 0 0 0 0 0 0 0 0 0 0 0 0 0 0 0 0 0 0 0 0 0 0 0 0 0 0 0 0 0 0 0 0 0 0 0 0 0 0 0 0 0 0 0 0 0 0 0 0 0 0 0 0 0 0 0 0 0 1 ]
nS = 1
S = [ 0 1 2 3 4 5 6 7 8 9 10 11 12 13 14 15 16 17 18 19 20 21 22 23 24 25 26 27 28 29 30 31 32 33 34 35 36 37 38 39 40 41 42 43 44 45 46 47 48 49 50 51 52 53 54 55 56 57 58 59 ]
