n = 60 ; 
T = 288 ; 
Init = [ 0 0 0 0 0 0 0 0 0 0 0 0 0 0 0 0 0 0 0 0 0 0 0 0 0 0 0 0 0 0 0 0 0 0 0 0 0 0 0 0 0 0 0 0 0 0 0 0 0 0 0 0 0 0 0 0 0 0 0 0 ]
L = [ 7 7 7 7 7 7 7 7 7 7 7 7 7 7 7 7 7 7 7 7 7 7 7 7 7 7 7 7 7 7 7 7 7 7 7 7 7 7 7 7 7 7 7 7 7 7 7 7 7 7 7 7 7 7 7 7 7 7 7 7 ]
l = [ 7 7 7 7 7 7 7 7 7 7 7 7 7 7 7 7 7 7 7 7 7 7 7 7 7 7 7 7 7 7 7 7 7 7 7 7 7 7 7 7 7 7 7 7 7 7 7 7 7 7 7 7 7 7 7 7 7 7 7 7 ]
Pmin = [ 35 35 35 35 35 35 35 35 35 35 35 35 35 35 35 35 35 35 35 35 35 35 35 35 35 35 35 35 35 35 35 35 35 35 35 35 35 35 35 35 35 35 35 35 35 35 35 35 35 35 35 35 35 35 35 35 35 35 35 35 ]
Pmax = [ 114 114 114 114 114 114 114 114 114 114 114 114 114 114 114 114 114 114 114 114 114 114 114 114 114 114 114 114 114 114 114 114 114 114 114 114 114 114 114 114 114 114 114 114 114 114 114 114 114 114 114 114 114 114 114 114 114 114 114 114 ]
cf = [ 34.6371 34.6371 34.6371 34.6371 34.6371 34.6371 34.6371 34.6371 34.6371 34.6371 34.6371 34.6371 34.6371 34.6371 34.6371 34.6371 34.6371 34.6371 34.6371 34.6371 34.6371 34.6371 34.6371 34.6371 34.6371 34.6371 34.6371 34.6371 34.6371 34.6371 34.6371 34.6371 34.6371 34.6371 34.6371 34.6371 34.6371 34.6371 34.6371 34.6371 34.6371 34.6371 34.6371 34.6371 34.6371 34.6371 34.6371 34.6371 34.6371 34.6371 34.6371 34.6371 34.6371 34.6371 34.6371 34.6371 34.6371 34.6371 34.6371 34.6371 ]
c0 = [ 109 109 109 109 109 109 109 109 109 109 109 109 109 109 109 109 109 109 109 109 109 109 109 109 109 109 109 109 109 109 109 109 109 109 109 109 109 109 109 109 109 109 109 109 109 109 109 109 109 109 109 109 109 109 109 109 109 109 109 109 ]
cp = [ 36.2039 36.2039 36.2039 36.2039 36.2039 36.2039 36.2039 36.2039 36.2039 36.2039 36.2039 36.2039 36.2039 36.2039 36.2039 36.2039 36.2039 36.2039 36.2039 36.2039 36.2039 36.2039 36.2039 36.2039 36.2039 36.2039 36.2039 36.2039 36.2039 36.2039 36.2039 36.2039 36.2039 36.2039 36.2039 36.2039 36.2039 36.2039 36.2039 36.2039 36.2039 36.2039 36.2039 36.2039 36.2039 36.2039 36.2039 36.2039 36.2039 36.2039 36.2039 36.2039 36.2039 36.2039 36.2039 36.2039 36.2039 36.2039 36.2039 36.2039 ]
D = [ 1800 1931 2117 2186 2532 2716 2817 2880 3256 3391 3597 3594 3797 3960 4117 4311 4455 4665 4971 5015 5236 5341 5551 5719 6027 5616 5557 5125 4903 4711 4415 4285 3779 3770 3536 3706 3937 4136 4468 4630 4791 4479 4061 3573 3252 2818 2352 2002 1474 1728 1797 2077 2251 2414 2452 2687 2807 2968 3222 3312 3492 3666 4011 4140 4397 4380 4693 4793 5060 5314 5520 5509 5725 5591 5190 5082 4899 4579 4225 4029 3785 3596 3229 3523 3861 4170 4521 4800 5091 4757 4186 3717 3378 2701 2456 1922 1508 1728 1830 2000 2062 2298 2526 2783 2907 3181 3163 3613 3761 3736 3950 4107 4406 4598 4746 4898 5255 5394 5396 5811 5893 5658 5498 5221 4835 4628 4230 3995 3824 3617 3368 3586 3941 4247 4264 4558 4954 4408 4062 3788 3307 2990 2689 2322 1775 2143 2207 2465 2653 2693 2819 3052 3221 3365 3680 3896 4044 4045 4358 4555 4589 4938 4998 5135 5240 5402 5707 5869 6104 5689 5462 5279 4841 4578 4387 4016 3674 3647 3361 3666 3864 4162 4527 4994 5264 5006 4475 4229 3799 3408 2911 2341 2145 2158 2453 2426 2767 2886 2976 3335 3272 3545 3844 3760 4028 4281 4317 4533 4799 4951 5086 5234 5269 5571 5702 5761 5980 5780 5589 5163 5043 4709 4348 4167 3952 3445 3343 3576 3844 3939 4364 4673 4875 4486 4147 3778 3200 2730 2409 1930 1507 1915 2059 2192 2416 2689 2710 2881 3075 3196 3433 3674 3974 3903 4144 4272 4632 4640 4976 5076 5422 5518 5718 5996 6174 5871 5640 5439 5040 4868 4576 4319 4096 3765 3730 3772 4027 4326 4629 4893 5129 4814 4190 3871 3574 3006 2632 2237 ]
K = 60
nk = [ 1 1 1 1 1 1 1 1 1 1 1 1 1 1 1 1 1 1 1 1 1 1 1 1 1 1 1 1 1 1 1 1 1 1 1 1 1 1 1 1 1 1 1 1 1 1 1 1 1 1 1 1 1 1 1 1 1 1 1 1 ]
First = [ 1 0 0 0 0 0 0 0 0 0 0 0 0 0 0 0 0 0 0 0 0 0 0 0 0 0 0 0 0 0 0 0 0 0 0 0 0 0 0 0 0 0 0 0 0 0 0 0 0 0 0 0 0 0 0 0 0 0 0 0 ]
Last = [ 0 0 0 0 0 0 0 0 0 0 0 0 0 0 0 0 0 0 0 0 0 0 0 0 0 0 0 0 0 0 0 0 0 0 0 0 0 0 0 0 0 0 0 0 0 0 0 0 0 0 0 0 0 0 0 0 0 0 0 1 ]
nS = 1
S = [ 0 1 2 3 4 5 6 7 8 9 10 11 12 13 14 15 16 17 18 19 20 21 22 23 24 25 26 27 28 29 30 31 32 33 34 35 36 37 38 39 40 41 42 43 44 45 46 47 48 49 50 51 52 53 54 55 56 57 58 59 ]
