n = 60 ; 
T = 288 ; 
Init = [ 1 1 1 1 1 1 1 1 1 1 1 1 1 1 1 1 1 1 1 1 1 1 1 1 1 1 1 1 1 1 1 1 1 1 1 1 1 1 1 1 1 1 1 1 1 1 1 1 1 1 1 1 1 1 1 1 1 1 1 1 ]
L = [ 11 11 11 11 11 11 11 11 11 11 11 11 11 11 11 11 11 11 11 11 11 11 11 11 11 11 11 11 11 11 11 11 11 11 11 11 11 11 11 11 11 11 11 11 11 11 11 11 11 11 11 11 11 11 11 11 11 11 11 11 ]
l = [ 11 11 11 11 11 11 11 11 11 11 11 11 11 11 11 11 11 11 11 11 11 11 11 11 11 11 11 11 11 11 11 11 11 11 11 11 11 11 11 11 11 11 11 11 11 11 11 11 11 11 11 11 11 11 11 11 11 11 11 11 ]
Pmin = [ 52 52 52 52 52 52 52 52 52 52 52 52 52 52 52 52 52 52 52 52 52 52 52 52 52 52 52 52 52 52 52 52 52 52 52 52 52 52 52 52 52 52 52 52 52 52 52 52 52 52 52 52 52 52 52 52 52 52 52 52 ]
Pmax = [ 212 212 212 212 212 212 212 212 212 212 212 212 212 212 212 212 212 212 212 212 212 212 212 212 212 212 212 212 212 212 212 212 212 212 212 212 212 212 212 212 212 212 212 212 212 212 212 212 212 212 212 212 212 212 212 212 212 212 212 212 ]
cf = [ 11.7558 11.7558 11.7558 11.7558 11.7558 11.7558 11.7558 11.7558 11.7558 11.7558 11.7558 11.7558 11.7558 11.7558 11.7558 11.7558 11.7558 11.7558 11.7558 11.7558 11.7558 11.7558 11.7558 11.7558 11.7558 11.7558 11.7558 11.7558 11.7558 11.7558 11.7558 11.7558 11.7558 11.7558 11.7558 11.7558 11.7558 11.7558 11.7558 11.7558 11.7558 11.7558 11.7558 11.7558 11.7558 11.7558 11.7558 11.7558 11.7558 11.7558 11.7558 11.7558 11.7558 11.7558 11.7558 11.7558 11.7558 11.7558 11.7558 11.7558 ]
c0 = [ 144 144 144 144 144 144 144 144 144 144 144 144 144 144 144 144 144 144 144 144 144 144 144 144 144 144 144 144 144 144 144 144 144 144 144 144 144 144 144 144 144 144 144 144 144 144 144 144 144 144 144 144 144 144 144 144 144 144 144 144 ]
cp = [ 37.1687 37.1687 37.1687 37.1687 37.1687 37.1687 37.1687 37.1687 37.1687 37.1687 37.1687 37.1687 37.1687 37.1687 37.1687 37.1687 37.1687 37.1687 37.1687 37.1687 37.1687 37.1687 37.1687 37.1687 37.1687 37.1687 37.1687 37.1687 37.1687 37.1687 37.1687 37.1687 37.1687 37.1687 37.1687 37.1687 37.1687 37.1687 37.1687 37.1687 37.1687 37.1687 37.1687 37.1687 37.1687 37.1687 37.1687 37.1687 37.1687 37.1687 37.1687 37.1687 37.1687 37.1687 37.1687 37.1687 37.1687 37.1687 37.1687 37.1687 ]
D = [ 2840 2933 3660 3623 4222 4184 4871 4969 5041 5529 6072 6290 6730 6877 7326 7594 7896 8269 8483 8582 9223 9496 9399 9707 10292 9932 9363 9000 8512 8269 8078 7686 7225 6941 6709 6892 7631 8130 8608 9108 9275 8705 7832 6848 6114 5378 4859 4116 2955 3189 3900 4152 4194 4409 5059 5235 5636 5761 5853 6346 6617 6912 7148 7430 7715 7963 8432 8940 9107 9383 9440 10171 10212 10136 9277 9312 8563 8150 7814 7510 7031 6597 6245 6903 7270 7645 8180 8647 9358 8370 7718 7085 6092 5377 4217 3719 2808 2973 3351 3766 3971 4265 4830 5012 5361 5503 6105 6409 6590 6846 7530 7591 7886 8542 8818 8943 9257 9719 10179 10086 10716 10236 9954 9152 8692 8328 7839 7665 7141 6708 6115 7038 7632 8337 8609 9227 10259 9312 8414 7297 6790 5743 4872 3827 3183 3249 3979 4024 4743 5097 5108 5381 5674 6446 6622 6908 7006 7474 7724 8406 8516 8755 9330 9361 10077 10403 10794 10822 11144 10516 10363 9790 9294 8777 8290 7553 7272 6669 6147 6697 7067 7687 8171 8496 9041 8201 7313 6965 6256 5279 4767 3830 3105 3615 3815 4018 4372 5012 5225 5566 5716 6205 6262 6822 6785 7447 7416 8054 8237 8586 8807 8859 9536 9609 10168 10067 10336 9931 9746 9206 8773 8596 7969 7561 7083 6862 6355 6830 7340 7645 8159 8516 9007 8035 7408 6828 6215 5254 4502 3770 3070 3221 3725 3610 4007 4403 4794 4938 5646 5552 6158 6567 6907 7009 7456 7630 8285 8619 8814 9267 9236 9622 10232 10520 10414 10300 9680 9255 8929 8540 7822 7539 6978 6442 6230 6797 7386 8296 8683 9148 10151 8924 8597 7719 6780 6069 5042 4435 ]
K = 60
nk = [ 1 1 1 1 1 1 1 1 1 1 1 1 1 1 1 1 1 1 1 1 1 1 1 1 1 1 1 1 1 1 1 1 1 1 1 1 1 1 1 1 1 1 1 1 1 1 1 1 1 1 1 1 1 1 1 1 1 1 1 1 ]
First = [ 1 0 0 0 0 0 0 0 0 0 0 0 0 0 0 0 0 0 0 0 0 0 0 0 0 0 0 0 0 0 0 0 0 0 0 0 0 0 0 0 0 0 0 0 0 0 0 0 0 0 0 0 0 0 0 0 0 0 0 0 ]
Last = [ 0 0 0 0 0 0 0 0 0 0 0 0 0 0 0 0 0 0 0 0 0 0 0 0 0 0 0 0 0 0 0 0 0 0 0 0 0 0 0 0 0 0 0 0 0 0 0 0 0 0 0 0 0 0 0 0 0 0 0 1 ]
nS = 1
S = [ 0 1 2 3 4 5 6 7 8 9 10 11 12 13 14 15 16 17 18 19 20 21 22 23 24 25 26 27 28 29 30 31 32 33 34 35 36 37 38 39 40 41 42 43 44 45 46 47 48 49 50 51 52 53 54 55 56 57 58 59 ]
