n = 60 ; 
T = 288 ; 
Init = [ 0 0 0 0 0 0 0 0 0 0 0 0 0 0 0 0 0 0 0 0 0 0 0 0 0 0 0 0 0 0 0 0 0 0 0 0 0 0 0 0 0 0 0 0 0 0 0 0 0 0 0 0 0 0 0 0 0 0 0 0 ]
L = [ 11 11 11 11 11 11 11 11 11 11 11 11 11 11 11 11 11 11 11 11 11 11 11 11 11 11 11 11 11 11 11 11 11 11 11 11 11 11 11 11 11 11 11 11 11 11 11 11 11 11 11 11 11 11 11 11 11 11 11 11 ]
l = [ 11 11 11 11 11 11 11 11 11 11 11 11 11 11 11 11 11 11 11 11 11 11 11 11 11 11 11 11 11 11 11 11 11 11 11 11 11 11 11 11 11 11 11 11 11 11 11 11 11 11 11 11 11 11 11 11 11 11 11 11 ]
Pmin = [ 64 64 64 64 64 64 64 64 64 64 64 64 64 64 64 64 64 64 64 64 64 64 64 64 64 64 64 64 64 64 64 64 64 64 64 64 64 64 64 64 64 64 64 64 64 64 64 64 64 64 64 64 64 64 64 64 64 64 64 64 ]
Pmax = [ 225 225 225 225 225 225 225 225 225 225 225 225 225 225 225 225 225 225 225 225 225 225 225 225 225 225 225 225 225 225 225 225 225 225 225 225 225 225 225 225 225 225 225 225 225 225 225 225 225 225 225 225 225 225 225 225 225 225 225 225 ]
cf = [ 65.804 65.804 65.804 65.804 65.804 65.804 65.804 65.804 65.804 65.804 65.804 65.804 65.804 65.804 65.804 65.804 65.804 65.804 65.804 65.804 65.804 65.804 65.804 65.804 65.804 65.804 65.804 65.804 65.804 65.804 65.804 65.804 65.804 65.804 65.804 65.804 65.804 65.804 65.804 65.804 65.804 65.804 65.804 65.804 65.804 65.804 65.804 65.804 65.804 65.804 65.804 65.804 65.804 65.804 65.804 65.804 65.804 65.804 65.804 65.804 ]
c0 = [ 178 178 178 178 178 178 178 178 178 178 178 178 178 178 178 178 178 178 178 178 178 178 178 178 178 178 178 178 178 178 178 178 178 178 178 178 178 178 178 178 178 178 178 178 178 178 178 178 178 178 178 178 178 178 178 178 178 178 178 178 ]
cp = [ 26.8548 26.8548 26.8548 26.8548 26.8548 26.8548 26.8548 26.8548 26.8548 26.8548 26.8548 26.8548 26.8548 26.8548 26.8548 26.8548 26.8548 26.8548 26.8548 26.8548 26.8548 26.8548 26.8548 26.8548 26.8548 26.8548 26.8548 26.8548 26.8548 26.8548 26.8548 26.8548 26.8548 26.8548 26.8548 26.8548 26.8548 26.8548 26.8548 26.8548 26.8548 26.8548 26.8548 26.8548 26.8548 26.8548 26.8548 26.8548 26.8548 26.8548 26.8548 26.8548 26.8548 26.8548 26.8548 26.8548 26.8548 26.8548 26.8548 26.8548 ]
D = [ 2695 3311 3808 4268 4334 4923 5399 5598 6011 6250 6429 7223 7188 7523 8323 8699 8782 9160 9881 10141 10324 10785 11291 11522 11915 11518 10972 10089 9905 9313 8877 8372 7486 7178 6762 7215 7688 8479 9302 9817 10478 9719 8728 7593 6799 6238 5649 4567 4105 4328 4226 4928 5118 5185 5675 5784 6469 6425 6701 7049 7641 7780 8011 8264 8637 8793 9116 9531 10036 10025 10446 10651 10851 10822 10025 10078 9657 8921 8547 8411 7597 7359 7084 7607 8045 8328 9198 9479 9956 9401 8328 7155 6437 5294 4612 3965 2958 3059 3807 3972 4225 4894 5046 5511 5673 6098 6696 7029 7587 7666 8474 8813 9260 9307 9621 10410 10283 10863 11291 11459 12255 11487 10896 10482 10077 9299 8810 8347 7826 7161 7019 7504 8261 8486 9052 10126 10392 9624 8560 7992 6919 5738 5124 4113 2875 3534 3659 4136 4727 4962 5016 5352 6162 6277 6614 6742 7238 7445 8254 8359 8516 9244 9539 9859 9913 10570 10748 11092 11527 11287 10706 9970 9514 8915 8619 7990 7157 6632 6126 7198 7682 8005 8519 9458 10083 9168 8469 7823 6761 5977 5083 4364 3453 3856 4412 4351 4697 5040 5585 5856 5885 6326 6826 6853 7311 7738 8184 8360 8695 8935 9130 9357 9705 10061 10573 10944 11213 10554 10601 10004 9399 9003 8563 8376 8065 7324 7298 7928 8122 8696 9279 9725 10422 9214 8477 7341 6782 5633 4896 3813 2712 3377 3773 3802 4377 4577 4943 4983 5685 5726 6397 6759 7176 7426 7473 7954 8277 8800 8927 9506 9674 10129 10531 10473 11113 10552 9930 9829 9017 8663 8123 7795 7222 6734 6631 7331 7741 8162 8558 9326 9984 9335 8209 7567 6824 5941 5436 4673 ]
K = 60
nk = [ 1 1 1 1 1 1 1 1 1 1 1 1 1 1 1 1 1 1 1 1 1 1 1 1 1 1 1 1 1 1 1 1 1 1 1 1 1 1 1 1 1 1 1 1 1 1 1 1 1 1 1 1 1 1 1 1 1 1 1 1 ]
First = [ 1 0 0 0 0 0 0 0 0 0 0 0 0 0 0 0 0 0 0 0 0 0 0 0 0 0 0 0 0 0 0 0 0 0 0 0 0 0 0 0 0 0 0 0 0 0 0 0 0 0 0 0 0 0 0 0 0 0 0 0 ]
Last = [ 0 0 0 0 0 0 0 0 0 0 0 0 0 0 0 0 0 0 0 0 0 0 0 0 0 0 0 0 0 0 0 0 0 0 0 0 0 0 0 0 0 0 0 0 0 0 0 0 0 0 0 0 0 0 0 0 0 0 0 1 ]
nS = 1
S = [ 0 1 2 3 4 5 6 7 8 9 10 11 12 13 14 15 16 17 18 19 20 21 22 23 24 25 26 27 28 29 30 31 32 33 34 35 36 37 38 39 40 41 42 43 44 45 46 47 48 49 50 51 52 53 54 55 56 57 58 59 ]
