n = 60 ; 
T = 288 ; 
Init = [ 0 0 0 0 0 0 0 0 0 0 0 0 0 0 0 0 0 0 0 0 0 0 0 0 0 0 0 0 0 0 0 0 0 0 0 0 0 0 0 0 0 0 0 0 0 0 0 0 0 0 0 0 0 0 0 0 0 0 0 0 ]
L = [ 12 12 12 12 12 12 12 12 12 12 12 12 12 12 12 12 12 12 12 12 12 12 12 12 12 12 12 12 12 12 12 12 12 12 12 12 12 12 12 12 12 12 12 12 12 12 12 12 12 12 12 12 12 12 12 12 12 12 12 12 ]
l = [ 12 12 12 12 12 12 12 12 12 12 12 12 12 12 12 12 12 12 12 12 12 12 12 12 12 12 12 12 12 12 12 12 12 12 12 12 12 12 12 12 12 12 12 12 12 12 12 12 12 12 12 12 12 12 12 12 12 12 12 12 ]
Pmin = [ 62 62 62 62 62 62 62 62 62 62 62 62 62 62 62 62 62 62 62 62 62 62 62 62 62 62 62 62 62 62 62 62 62 62 62 62 62 62 62 62 62 62 62 62 62 62 62 62 62 62 62 62 62 62 62 62 62 62 62 62 ]
Pmax = [ 242 242 242 242 242 242 242 242 242 242 242 242 242 242 242 242 242 242 242 242 242 242 242 242 242 242 242 242 242 242 242 242 242 242 242 242 242 242 242 242 242 242 242 242 242 242 242 242 242 242 242 242 242 242 242 242 242 242 242 242 ]
cf = [ 12.4319 12.4319 12.4319 12.4319 12.4319 12.4319 12.4319 12.4319 12.4319 12.4319 12.4319 12.4319 12.4319 12.4319 12.4319 12.4319 12.4319 12.4319 12.4319 12.4319 12.4319 12.4319 12.4319 12.4319 12.4319 12.4319 12.4319 12.4319 12.4319 12.4319 12.4319 12.4319 12.4319 12.4319 12.4319 12.4319 12.4319 12.4319 12.4319 12.4319 12.4319 12.4319 12.4319 12.4319 12.4319 12.4319 12.4319 12.4319 12.4319 12.4319 12.4319 12.4319 12.4319 12.4319 12.4319 12.4319 12.4319 12.4319 12.4319 12.4319 ]
c0 = [ 167 167 167 167 167 167 167 167 167 167 167 167 167 167 167 167 167 167 167 167 167 167 167 167 167 167 167 167 167 167 167 167 167 167 167 167 167 167 167 167 167 167 167 167 167 167 167 167 167 167 167 167 167 167 167 167 167 167 167 167 ]
cp = [ 29.7105 29.7105 29.7105 29.7105 29.7105 29.7105 29.7105 29.7105 29.7105 29.7105 29.7105 29.7105 29.7105 29.7105 29.7105 29.7105 29.7105 29.7105 29.7105 29.7105 29.7105 29.7105 29.7105 29.7105 29.7105 29.7105 29.7105 29.7105 29.7105 29.7105 29.7105 29.7105 29.7105 29.7105 29.7105 29.7105 29.7105 29.7105 29.7105 29.7105 29.7105 29.7105 29.7105 29.7105 29.7105 29.7105 29.7105 29.7105 29.7105 29.7105 29.7105 29.7105 29.7105 29.7105 29.7105 29.7105 29.7105 29.7105 29.7105 29.7105 ]
D = [ 4053 4254 4551 4670 5262 5900 5870 6215 6703 7245 7635 7732 8285 8952 9206 9636 9671 10218 10655 10658 11552 11707 11982 12159 13003 12257 11878 11431 10651 10219 9896 9046 8444 8045 7524 8073 8293 8883 9405 9741 9920 9292 8764 7955 7041 6396 5644 4974 3951 4289 4919 5189 5660 5773 5776 6326 6629 6874 7333 7749 7985 7992 8788 8612 9301 9432 9595 10404 10175 10857 10920 11375 11473 11411 10780 10157 9803 9392 8614 8453 8067 7606 6822 7785 8318 8996 9616 10719 11330 10448 9426 8312 7705 6586 5564 4754 3978 4159 4445 5011 5613 5746 5849 6512 6918 7331 7498 7915 8595 9005 9233 9290 9600 10211 10739 11095 11611 11953 12049 12374 12622 12473 11480 11121 10425 10259 9445 9114 8174 7852 7133 7511 8037 8716 9382 9941 10079 9178 8419 7503 6638 6315 5082 4153 3394 4027 3997 4398 5188 5369 5644 6257 6194 6709 6951 7718 8083 8185 8378 8905 9154 9969 10115 10305 10622 11275 11442 11698 11960 11722 11256 10384 10040 9312 8754 8608 8149 7198 7089 7793 8558 9097 10050 10970 11661 10790 9827 8816 7683 7132 6284 5038 3957 4362 4725 5227 5701 5727 5840 6122 6706 7207 7566 7734 8082 8363 8514 8620 9074 9365 9961 9886 10719 10647 10944 11568 11572 11373 10906 10596 9902 9633 8890 8667 8488 7792 7177 8147 8152 8905 9262 10117 10476 10071 8813 8401 7382 6542 5921 5040 3794 4377 4540 5273 5247 5538 6017 6741 6728 7424 7826 8137 8656 8897 9243 9382 10009 10078 10607 11082 11308 11677 11968 12188 12770 12114 11985 11000 10489 10266 9389 9005 8417 7918 7319 8144 8793 9531 10132 10981 11467 10501 9692 8727 8217 6806 6195 5364 ]
K = 60
nk = [ 1 1 1 1 1 1 1 1 1 1 1 1 1 1 1 1 1 1 1 1 1 1 1 1 1 1 1 1 1 1 1 1 1 1 1 1 1 1 1 1 1 1 1 1 1 1 1 1 1 1 1 1 1 1 1 1 1 1 1 1 ]
First = [ 1 0 0 0 0 0 0 0 0 0 0 0 0 0 0 0 0 0 0 0 0 0 0 0 0 0 0 0 0 0 0 0 0 0 0 0 0 0 0 0 0 0 0 0 0 0 0 0 0 0 0 0 0 0 0 0 0 0 0 0 ]
Last = [ 0 0 0 0 0 0 0 0 0 0 0 0 0 0 0 0 0 0 0 0 0 0 0 0 0 0 0 0 0 0 0 0 0 0 0 0 0 0 0 0 0 0 0 0 0 0 0 0 0 0 0 0 0 0 0 0 0 0 0 1 ]
nS = 1
S = [ 0 1 2 3 4 5 6 7 8 9 10 11 12 13 14 15 16 17 18 19 20 21 22 23 24 25 26 27 28 29 30 31 32 33 34 35 36 37 38 39 40 41 42 43 44 45 46 47 48 49 50 51 52 53 54 55 56 57 58 59 ]
