n = 60 ; 
T = 288 ; 
Init = [ 1 1 1 1 1 1 1 1 1 1 1 1 1 1 1 1 1 1 1 1 1 1 1 1 1 1 1 1 1 1 1 1 1 1 1 1 1 1 1 1 1 1 1 1 1 1 1 1 1 1 1 1 1 1 1 1 1 1 1 1 ]
L = [ 15 15 15 15 15 15 15 15 15 15 15 15 15 15 15 15 15 15 15 15 15 15 15 15 15 15 15 15 15 15 15 15 15 15 15 15 15 15 15 15 15 15 15 15 15 15 15 15 15 15 15 15 15 15 15 15 15 15 15 15 ]
l = [ 15 15 15 15 15 15 15 15 15 15 15 15 15 15 15 15 15 15 15 15 15 15 15 15 15 15 15 15 15 15 15 15 15 15 15 15 15 15 15 15 15 15 15 15 15 15 15 15 15 15 15 15 15 15 15 15 15 15 15 15 ]
Pmin = [ 79 79 79 79 79 79 79 79 79 79 79 79 79 79 79 79 79 79 79 79 79 79 79 79 79 79 79 79 79 79 79 79 79 79 79 79 79 79 79 79 79 79 79 79 79 79 79 79 79 79 79 79 79 79 79 79 79 79 79 79 ]
Pmax = [ 314 314 314 314 314 314 314 314 314 314 314 314 314 314 314 314 314 314 314 314 314 314 314 314 314 314 314 314 314 314 314 314 314 314 314 314 314 314 314 314 314 314 314 314 314 314 314 314 314 314 314 314 314 314 314 314 314 314 314 314 ]
cf = [ 16.6192 16.6192 16.6192 16.6192 16.6192 16.6192 16.6192 16.6192 16.6192 16.6192 16.6192 16.6192 16.6192 16.6192 16.6192 16.6192 16.6192 16.6192 16.6192 16.6192 16.6192 16.6192 16.6192 16.6192 16.6192 16.6192 16.6192 16.6192 16.6192 16.6192 16.6192 16.6192 16.6192 16.6192 16.6192 16.6192 16.6192 16.6192 16.6192 16.6192 16.6192 16.6192 16.6192 16.6192 16.6192 16.6192 16.6192 16.6192 16.6192 16.6192 16.6192 16.6192 16.6192 16.6192 16.6192 16.6192 16.6192 16.6192 16.6192 16.6192 ]
c0 = [ 202 202 202 202 202 202 202 202 202 202 202 202 202 202 202 202 202 202 202 202 202 202 202 202 202 202 202 202 202 202 202 202 202 202 202 202 202 202 202 202 202 202 202 202 202 202 202 202 202 202 202 202 202 202 202 202 202 202 202 202 ]
cp = [ 16.9437 16.9437 16.9437 16.9437 16.9437 16.9437 16.9437 16.9437 16.9437 16.9437 16.9437 16.9437 16.9437 16.9437 16.9437 16.9437 16.9437 16.9437 16.9437 16.9437 16.9437 16.9437 16.9437 16.9437 16.9437 16.9437 16.9437 16.9437 16.9437 16.9437 16.9437 16.9437 16.9437 16.9437 16.9437 16.9437 16.9437 16.9437 16.9437 16.9437 16.9437 16.9437 16.9437 16.9437 16.9437 16.9437 16.9437 16.9437 16.9437 16.9437 16.9437 16.9437 16.9437 16.9437 16.9437 16.9437 16.9437 16.9437 16.9437 16.9437 ]
D = [ 4821 5183 5272 6180 6618 7128 7128 8033 8713 8673 9455 10088 9868 11001 10898 11365 12366 12800 12702 13106 13995 14164 14384 14891 15480 14751 14539 13501 13276 12980 11728 11218 10830 9966 9909 9931 11057 11726 12199 12796 12970 12099 11204 9787 8840 8141 6736 5582 4663 5255 5476 6233 6452 6983 7356 7872 8500 8956 9678 10035 10275 11186 11329 11651 12449 12602 13266 13523 14620 14950 15345 16074 16084 16009 15196 14684 13736 12969 12051 11502 10834 10398 9361 10456 11340 11465 12584 12850 13692 12602 11047 9951 9279 8129 6863 5742 5039 5157 5690 6344 7064 6993 7361 7976 8403 8885 9493 10146 10253 10582 11499 11865 11938 12502 13089 13891 13965 14522 14963 15706 16061 15357 14585 13818 13577 12985 12026 11398 10469 10341 9159 9798 10446 11233 12032 12653 13467 12580 10806 10186 8420 7863 6400 5006 4180 4559 4904 5450 6447 6662 6850 7891 7783 8732 8727 9881 10284 10251 11388 11912 12012 12350 13023 13409 13900 14374 14921 15274 16213 15420 14625 14286 13621 13170 12024 11474 10902 10354 9850 10338 11576 12078 12352 13736 13934 12492 11811 9948 8727 7929 6090 5223 3609 4242 4737 5380 5838 6614 6459 7086 8089 8004 8679 9001 9786 10252 10361 10952 11749 11792 12638 13261 13891 14141 14811 15158 15591 14816 14379 13322 12833 12696 11969 11061 10323 9610 9618 10312 11350 12178 13018 13826 14087 13141 11808 11146 10185 8481 7930 6532 5166 5363 6468 6807 7179 7086 7548 8394 8939 9106 9826 10269 10303 10874 11512 11530 12099 12701 12891 13652 14059 13973 14911 15506 15254 14891 14195 13856 13376 12579 12208 11048 10771 10322 9824 10036 11118 11201 12582 13026 13599 12689 11318 10421 8898 7735 7180 5795 ]
K = 60
nk = [ 1 1 1 1 1 1 1 1 1 1 1 1 1 1 1 1 1 1 1 1 1 1 1 1 1 1 1 1 1 1 1 1 1 1 1 1 1 1 1 1 1 1 1 1 1 1 1 1 1 1 1 1 1 1 1 1 1 1 1 1 ]
First = [ 1 0 0 0 0 0 0 0 0 0 0 0 0 0 0 0 0 0 0 0 0 0 0 0 0 0 0 0 0 0 0 0 0 0 0 0 0 0 0 0 0 0 0 0 0 0 0 0 0 0 0 0 0 0 0 0 0 0 0 0 ]
Last = [ 0 0 0 0 0 0 0 0 0 0 0 0 0 0 0 0 0 0 0 0 0 0 0 0 0 0 0 0 0 0 0 0 0 0 0 0 0 0 0 0 0 0 0 0 0 0 0 0 0 0 0 0 0 0 0 0 0 0 0 1 ]
nS = 1
S = [ 0 1 2 3 4 5 6 7 8 9 10 11 12 13 14 15 16 17 18 19 20 21 22 23 24 25 26 27 28 29 30 31 32 33 34 35 36 37 38 39 40 41 42 43 44 45 46 47 48 49 50 51 52 53 54 55 56 57 58 59 ]
