n = 60 ; 
T = 288 ; 
Init = [ 1 1 1 1 1 1 1 1 1 1 1 1 1 1 1 1 1 1 1 1 1 1 1 1 1 1 1 1 1 1 1 1 1 1 1 1 1 1 1 1 1 1 1 1 1 1 1 1 1 1 1 1 1 1 1 1 1 1 1 1 ]
L = [ 15 15 15 15 15 15 15 15 15 15 15 15 15 15 15 15 15 15 15 15 15 15 15 15 15 15 15 15 15 15 15 15 15 15 15 15 15 15 15 15 15 15 15 15 15 15 15 15 15 15 15 15 15 15 15 15 15 15 15 15 ]
l = [ 15 15 15 15 15 15 15 15 15 15 15 15 15 15 15 15 15 15 15 15 15 15 15 15 15 15 15 15 15 15 15 15 15 15 15 15 15 15 15 15 15 15 15 15 15 15 15 15 15 15 15 15 15 15 15 15 15 15 15 15 ]
Pmin = [ 90 90 90 90 90 90 90 90 90 90 90 90 90 90 90 90 90 90 90 90 90 90 90 90 90 90 90 90 90 90 90 90 90 90 90 90 90 90 90 90 90 90 90 90 90 90 90 90 90 90 90 90 90 90 90 90 90 90 90 90 ]
Pmax = [ 338 338 338 338 338 338 338 338 338 338 338 338 338 338 338 338 338 338 338 338 338 338 338 338 338 338 338 338 338 338 338 338 338 338 338 338 338 338 338 338 338 338 338 338 338 338 338 338 338 338 338 338 338 338 338 338 338 338 338 338 ]
cf = [ 16.1928 16.1928 16.1928 16.1928 16.1928 16.1928 16.1928 16.1928 16.1928 16.1928 16.1928 16.1928 16.1928 16.1928 16.1928 16.1928 16.1928 16.1928 16.1928 16.1928 16.1928 16.1928 16.1928 16.1928 16.1928 16.1928 16.1928 16.1928 16.1928 16.1928 16.1928 16.1928 16.1928 16.1928 16.1928 16.1928 16.1928 16.1928 16.1928 16.1928 16.1928 16.1928 16.1928 16.1928 16.1928 16.1928 16.1928 16.1928 16.1928 16.1928 16.1928 16.1928 16.1928 16.1928 16.1928 16.1928 16.1928 16.1928 16.1928 16.1928 ]
c0 = [ 247 247 247 247 247 247 247 247 247 247 247 247 247 247 247 247 247 247 247 247 247 247 247 247 247 247 247 247 247 247 247 247 247 247 247 247 247 247 247 247 247 247 247 247 247 247 247 247 247 247 247 247 247 247 247 247 247 247 247 247 ]
cp = [ 20.3018 20.3018 20.3018 20.3018 20.3018 20.3018 20.3018 20.3018 20.3018 20.3018 20.3018 20.3018 20.3018 20.3018 20.3018 20.3018 20.3018 20.3018 20.3018 20.3018 20.3018 20.3018 20.3018 20.3018 20.3018 20.3018 20.3018 20.3018 20.3018 20.3018 20.3018 20.3018 20.3018 20.3018 20.3018 20.3018 20.3018 20.3018 20.3018 20.3018 20.3018 20.3018 20.3018 20.3018 20.3018 20.3018 20.3018 20.3018 20.3018 20.3018 20.3018 20.3018 20.3018 20.3018 20.3018 20.3018 20.3018 20.3018 20.3018 20.3018 ]
D = [ 5240 5212 5939 6202 6613 7555 7735 8604 8726 9078 10087 10058 10450 10819 11702 12308 12677 13146 13990 14445 14361 14880 15335 16152 16408 15873 15560 14329 14177 12791 12673 12040 10949 10258 9400 10702 11313 12616 13488 14543 15711 14053 13164 11185 10218 8912 7862 5965 4695 5690 5734 6502 7075 7401 7907 8607 8707 9283 9594 10516 10936 11591 11355 12121 12690 13363 13526 13718 14782 15057 15563 15789 16294 15911 15008 15014 13979 13270 13079 12170 11171 11361 10746 11391 12166 13127 13998 15210 16274 14781 13430 12238 10927 9678 7966 6751 5991 6181 6513 6985 7693 7829 8688 9296 9039 9599 10629 10361 10916 11656 12040 12622 13299 13150 13861 14313 14889 14864 15271 15865 16206 15577 15300 14608 13750 13467 12633 11577 11041 10905 9879 11263 11666 12712 14262 14775 15938 14776 12900 11686 10011 8886 7000 5558 4642 5232 5068 5640 6597 7196 7553 8060 8468 9225 9838 10755 11129 11303 12420 12826 13537 13343 13899 14922 15138 15955 16776 17342 17747 16528 16399 15397 15031 13980 13177 12815 11804 11097 10756 10982 11965 13073 14065 14905 16219 15048 13217 12128 10581 9315 8082 6694 5873 6137 6811 7443 7478 7862 8838 9345 9637 10153 10360 10656 11543 11857 12205 13269 13645 13902 14538 15039 15570 15601 16662 17222 17315 16247 15678 15424 14737 13928 13195 12347 11314 10766 10061 11150 12261 12996 14103 15018 15780 15094 13493 12330 10659 9728 8329 7357 5629 6368 6864 7122 8028 8195 8502 9336 9505 10511 11048 11406 11632 12231 12672 13417 13285 14425 14905 15383 15408 16020 16936 17326 17836 16972 16203 15466 14129 13536 12387 11960 10804 10470 9811 10696 10852 12446 12862 13508 14805 13248 12552 10753 10115 8558 7012 6562 ]
K = 60
nk = [ 1 1 1 1 1 1 1 1 1 1 1 1 1 1 1 1 1 1 1 1 1 1 1 1 1 1 1 1 1 1 1 1 1 1 1 1 1 1 1 1 1 1 1 1 1 1 1 1 1 1 1 1 1 1 1 1 1 1 1 1 ]
First = [ 1 0 0 0 0 0 0 0 0 0 0 0 0 0 0 0 0 0 0 0 0 0 0 0 0 0 0 0 0 0 0 0 0 0 0 0 0 0 0 0 0 0 0 0 0 0 0 0 0 0 0 0 0 0 0 0 0 0 0 0 ]
Last = [ 0 0 0 0 0 0 0 0 0 0 0 0 0 0 0 0 0 0 0 0 0 0 0 0 0 0 0 0 0 0 0 0 0 0 0 0 0 0 0 0 0 0 0 0 0 0 0 0 0 0 0 0 0 0 0 0 0 0 0 1 ]
nS = 1
S = [ 0 1 2 3 4 5 6 7 8 9 10 11 12 13 14 15 16 17 18 19 20 21 22 23 24 25 26 27 28 29 30 31 32 33 34 35 36 37 38 39 40 41 42 43 44 45 46 47 48 49 50 51 52 53 54 55 56 57 58 59 ]
