n = 60 ; 
T = 288 ; 
Init = [ 0 0 0 0 0 0 0 0 0 0 0 0 0 0 0 0 0 0 0 0 0 0 0 0 0 0 0 0 0 0 0 0 0 0 0 0 0 0 0 0 0 0 0 0 0 0 0 0 0 0 0 0 0 0 0 0 0 0 0 0 ]
L = [ 12 12 12 12 12 12 12 12 12 12 12 12 12 12 12 12 12 12 12 12 12 12 12 12 12 12 12 12 12 12 12 12 12 12 12 12 12 12 12 12 12 12 12 12 12 12 12 12 12 12 12 12 12 12 12 12 12 12 12 12 ]
l = [ 12 12 12 12 12 12 12 12 12 12 12 12 12 12 12 12 12 12 12 12 12 12 12 12 12 12 12 12 12 12 12 12 12 12 12 12 12 12 12 12 12 12 12 12 12 12 12 12 12 12 12 12 12 12 12 12 12 12 12 12 ]
Pmin = [ 58 58 58 58 58 58 58 58 58 58 58 58 58 58 58 58 58 58 58 58 58 58 58 58 58 58 58 58 58 58 58 58 58 58 58 58 58 58 58 58 58 58 58 58 58 58 58 58 58 58 58 58 58 58 58 58 58 58 58 58 ]
Pmax = [ 233 233 233 233 233 233 233 233 233 233 233 233 233 233 233 233 233 233 233 233 233 233 233 233 233 233 233 233 233 233 233 233 233 233 233 233 233 233 233 233 233 233 233 233 233 233 233 233 233 233 233 233 233 233 233 233 233 233 233 233 ]
cf = [ 33.3504 33.3504 33.3504 33.3504 33.3504 33.3504 33.3504 33.3504 33.3504 33.3504 33.3504 33.3504 33.3504 33.3504 33.3504 33.3504 33.3504 33.3504 33.3504 33.3504 33.3504 33.3504 33.3504 33.3504 33.3504 33.3504 33.3504 33.3504 33.3504 33.3504 33.3504 33.3504 33.3504 33.3504 33.3504 33.3504 33.3504 33.3504 33.3504 33.3504 33.3504 33.3504 33.3504 33.3504 33.3504 33.3504 33.3504 33.3504 33.3504 33.3504 33.3504 33.3504 33.3504 33.3504 33.3504 33.3504 33.3504 33.3504 33.3504 33.3504 ]
c0 = [ 150 150 150 150 150 150 150 150 150 150 150 150 150 150 150 150 150 150 150 150 150 150 150 150 150 150 150 150 150 150 150 150 150 150 150 150 150 150 150 150 150 150 150 150 150 150 150 150 150 150 150 150 150 150 150 150 150 150 150 150 ]
cp = [ 25.3077 25.3077 25.3077 25.3077 25.3077 25.3077 25.3077 25.3077 25.3077 25.3077 25.3077 25.3077 25.3077 25.3077 25.3077 25.3077 25.3077 25.3077 25.3077 25.3077 25.3077 25.3077 25.3077 25.3077 25.3077 25.3077 25.3077 25.3077 25.3077 25.3077 25.3077 25.3077 25.3077 25.3077 25.3077 25.3077 25.3077 25.3077 25.3077 25.3077 25.3077 25.3077 25.3077 25.3077 25.3077 25.3077 25.3077 25.3077 25.3077 25.3077 25.3077 25.3077 25.3077 25.3077 25.3077 25.3077 25.3077 25.3077 25.3077 25.3077 ]
D = [ 3487 3858 3943 4578 4530 4934 5315 5861 5982 6393 7001 7248 7432 7910 8231 8678 8807 9273 9455 9993 10113 10501 11064 11510 11474 11328 10617 10578 9668 9474 8893 8802 8071 7787 7425 7812 7980 8605 9191 9692 10380 9290 8313 7461 7060 6057 5303 4126 3460 3666 4187 4374 4871 5237 5516 5702 6488 6560 7017 7403 7555 7888 8489 8754 9161 9192 9634 10376 10295 10750 11398 11738 11746 11207 10652 10291 9631 9387 9015 8449 7496 7288 6553 7446 7835 8728 9451 9710 10319 9724 9151 8137 7518 6630 5526 4958 4045 4637 5069 5180 5736 5767 6295 6567 6746 7226 7623 8113 8377 8481 9292 9263 9463 9905 10417 10814 10917 11208 11779 12346 12325 11653 11451 10856 10234 9733 9011 8733 7916 7279 6763 7363 8177 9050 9574 10218 10666 9675 8899 8258 7025 6151 5134 4312 3445 3926 3935 4559 4839 5372 5934 6273 6645 6930 7012 7307 7637 8230 8691 9246 9156 9613 9967 10363 10958 11028 11664 11743 12271 11558 11450 10599 10030 9814 9529 8766 8101 7455 6946 7887 8540 9360 9711 10365 11100 10082 9020 8074 6720 5748 4987 3732 2665 3094 3553 3769 4043 4723 4882 5452 5801 6268 6687 6901 7372 7549 7792 8459 8363 9196 9415 9876 10104 10393 10518 11350 11336 11007 10636 10087 10104 9532 8922 8434 8487 7974 7339 7586 8233 8796 9250 9324 9992 9281 8545 7541 6645 5790 5090 4294 3398 3928 4334 4621 5192 5461 5619 6031 6662 6744 7061 7593 8011 8146 8336 8888 9048 9442 9673 10473 10364 10941 11078 11464 12134 11456 10879 10688 10105 9800 8926 8757 8076 7820 7592 8087 8145 8679 9239 9582 10409 9532 8651 7582 6493 5455 4591 3874 ]
K = 60
nk = [ 1 1 1 1 1 1 1 1 1 1 1 1 1 1 1 1 1 1 1 1 1 1 1 1 1 1 1 1 1 1 1 1 1 1 1 1 1 1 1 1 1 1 1 1 1 1 1 1 1 1 1 1 1 1 1 1 1 1 1 1 ]
First = [ 1 0 0 0 0 0 0 0 0 0 0 0 0 0 0 0 0 0 0 0 0 0 0 0 0 0 0 0 0 0 0 0 0 0 0 0 0 0 0 0 0 0 0 0 0 0 0 0 0 0 0 0 0 0 0 0 0 0 0 0 ]
Last = [ 0 0 0 0 0 0 0 0 0 0 0 0 0 0 0 0 0 0 0 0 0 0 0 0 0 0 0 0 0 0 0 0 0 0 0 0 0 0 0 0 0 0 0 0 0 0 0 0 0 0 0 0 0 0 0 0 0 0 0 1 ]
nS = 1
S = [ 0 1 2 3 4 5 6 7 8 9 10 11 12 13 14 15 16 17 18 19 20 21 22 23 24 25 26 27 28 29 30 31 32 33 34 35 36 37 38 39 40 41 42 43 44 45 46 47 48 49 50 51 52 53 54 55 56 57 58 59 ]
