n = 60 ; 
T = 288 ; 
Init = [ 1 1 1 1 1 1 1 1 1 1 1 1 1 1 1 1 1 1 1 1 1 1 1 1 1 1 1 1 1 1 1 1 1 1 1 1 1 1 1 1 1 1 1 1 1 1 1 1 1 1 1 1 1 1 1 1 1 1 1 1 ]
L = [ 10 10 10 10 10 10 10 10 10 10 10 10 10 10 10 10 10 10 10 10 10 10 10 10 10 10 10 10 10 10 10 10 10 10 10 10 10 10 10 10 10 10 10 10 10 10 10 10 10 10 10 10 10 10 10 10 10 10 10 10 ]
l = [ 10 10 10 10 10 10 10 10 10 10 10 10 10 10 10 10 10 10 10 10 10 10 10 10 10 10 10 10 10 10 10 10 10 10 10 10 10 10 10 10 10 10 10 10 10 10 10 10 10 10 10 10 10 10 10 10 10 10 10 10 ]
Pmin = [ 54 54 54 54 54 54 54 54 54 54 54 54 54 54 54 54 54 54 54 54 54 54 54 54 54 54 54 54 54 54 54 54 54 54 54 54 54 54 54 54 54 54 54 54 54 54 54 54 54 54 54 54 54 54 54 54 54 54 54 54 ]
Pmax = [ 194 194 194 194 194 194 194 194 194 194 194 194 194 194 194 194 194 194 194 194 194 194 194 194 194 194 194 194 194 194 194 194 194 194 194 194 194 194 194 194 194 194 194 194 194 194 194 194 194 194 194 194 194 194 194 194 194 194 194 194 ]
cf = [ 40.4598 40.4598 40.4598 40.4598 40.4598 40.4598 40.4598 40.4598 40.4598 40.4598 40.4598 40.4598 40.4598 40.4598 40.4598 40.4598 40.4598 40.4598 40.4598 40.4598 40.4598 40.4598 40.4598 40.4598 40.4598 40.4598 40.4598 40.4598 40.4598 40.4598 40.4598 40.4598 40.4598 40.4598 40.4598 40.4598 40.4598 40.4598 40.4598 40.4598 40.4598 40.4598 40.4598 40.4598 40.4598 40.4598 40.4598 40.4598 40.4598 40.4598 40.4598 40.4598 40.4598 40.4598 40.4598 40.4598 40.4598 40.4598 40.4598 40.4598 ]
c0 = [ 157 157 157 157 157 157 157 157 157 157 157 157 157 157 157 157 157 157 157 157 157 157 157 157 157 157 157 157 157 157 157 157 157 157 157 157 157 157 157 157 157 157 157 157 157 157 157 157 157 157 157 157 157 157 157 157 157 157 157 157 ]
cp = [ 20.7778 20.7778 20.7778 20.7778 20.7778 20.7778 20.7778 20.7778 20.7778 20.7778 20.7778 20.7778 20.7778 20.7778 20.7778 20.7778 20.7778 20.7778 20.7778 20.7778 20.7778 20.7778 20.7778 20.7778 20.7778 20.7778 20.7778 20.7778 20.7778 20.7778 20.7778 20.7778 20.7778 20.7778 20.7778 20.7778 20.7778 20.7778 20.7778 20.7778 20.7778 20.7778 20.7778 20.7778 20.7778 20.7778 20.7778 20.7778 20.7778 20.7778 20.7778 20.7778 20.7778 20.7778 20.7778 20.7778 20.7778 20.7778 20.7778 20.7778 ]
D = [ 2587 3103 3583 3505 3811 4250 4846 5045 5456 5505 6098 6172 6609 6600 7170 7349 7745 7918 8434 8770 9024 9315 9568 9974 10075 9731 9546 8870 8274 8090 7318 6989 6543 5939 5685 6208 6705 7246 7655 8251 8995 8000 7604 6788 5937 5333 4850 4083 3438 3694 3681 3951 4476 4706 4834 5162 5539 5791 6126 6352 6339 6675 6877 7348 7572 7848 8075 8468 8580 8689 8929 9135 9458 9455 8975 8610 8096 7979 7544 6927 6800 6087 5939 6382 6874 6900 7405 8009 8487 7519 7008 6131 5700 5124 4452 3514 2837 3004 3607 3622 4150 4296 4637 4957 5044 5141 5709 5923 6248 6391 6696 7110 7356 7397 7888 8306 8509 8798 8992 9293 9584 8878 8653 8272 7894 7622 7049 6973 6596 6351 6017 6315 6830 7449 7795 8589 9032 8351 7299 6473 5662 5108 3958 3585 2622 2911 3129 3596 4022 4221 4672 4723 5176 5448 5950 6056 6356 6633 7195 7125 7690 8057 8374 8590 9169 9458 9662 10019 10422 9841 9465 8988 8512 8079 7484 7034 6573 6343 6041 6585 6668 7396 7673 8356 8572 7891 7220 6741 6020 5592 4726 4251 3156 3559 3693 4261 4250 4801 4854 5303 5687 5718 6133 6249 6871 6895 7090 7506 7803 8212 8374 8663 9074 8965 9205 9860 10024 9284 9058 8780 8137 7534 7497 6837 6364 6187 5354 5941 6455 6747 7509 7667 8181 7491 6831 6100 5626 4887 4298 3381 2581 3016 3273 3488 4134 4085 4559 5040 4926 5644 5624 6236 6558 6683 6902 7075 7520 7921 8166 8606 8567 9233 9418 9791 10088 9332 9075 8646 8139 8101 7274 6983 6613 6208 5831 6269 6907 7632 7785 8474 9151 8114 7315 6679 5467 5052 4289 3221 ]
K = 60
nk = [ 1 1 1 1 1 1 1 1 1 1 1 1 1 1 1 1 1 1 1 1 1 1 1 1 1 1 1 1 1 1 1 1 1 1 1 1 1 1 1 1 1 1 1 1 1 1 1 1 1 1 1 1 1 1 1 1 1 1 1 1 ]
First = [ 1 0 0 0 0 0 0 0 0 0 0 0 0 0 0 0 0 0 0 0 0 0 0 0 0 0 0 0 0 0 0 0 0 0 0 0 0 0 0 0 0 0 0 0 0 0 0 0 0 0 0 0 0 0 0 0 0 0 0 0 ]
Last = [ 0 0 0 0 0 0 0 0 0 0 0 0 0 0 0 0 0 0 0 0 0 0 0 0 0 0 0 0 0 0 0 0 0 0 0 0 0 0 0 0 0 0 0 0 0 0 0 0 0 0 0 0 0 0 0 0 0 0 0 1 ]
nS = 1
S = [ 0 1 2 3 4 5 6 7 8 9 10 11 12 13 14 15 16 17 18 19 20 21 22 23 24 25 26 27 28 29 30 31 32 33 34 35 36 37 38 39 40 41 42 43 44 45 46 47 48 49 50 51 52 53 54 55 56 57 58 59 ]
