n = 60 ; 
T = 288 ; 
Init = [ 0 0 0 0 0 0 0 0 0 0 0 0 0 0 0 0 0 0 0 0 0 0 0 0 0 0 0 0 0 0 0 0 0 0 0 0 0 0 0 0 0 0 0 0 0 0 0 0 0 0 0 0 0 0 0 0 0 0 0 0 ]
L = [ 17 17 17 17 17 17 17 17 17 17 17 17 17 17 17 17 17 17 17 17 17 17 17 17 17 17 17 17 17 17 17 17 17 17 17 17 17 17 17 17 17 17 17 17 17 17 17 17 17 17 17 17 17 17 17 17 17 17 17 17 ]
l = [ 17 17 17 17 17 17 17 17 17 17 17 17 17 17 17 17 17 17 17 17 17 17 17 17 17 17 17 17 17 17 17 17 17 17 17 17 17 17 17 17 17 17 17 17 17 17 17 17 17 17 17 17 17 17 17 17 17 17 17 17 ]
Pmin = [ 87 87 87 87 87 87 87 87 87 87 87 87 87 87 87 87 87 87 87 87 87 87 87 87 87 87 87 87 87 87 87 87 87 87 87 87 87 87 87 87 87 87 87 87 87 87 87 87 87 87 87 87 87 87 87 87 87 87 87 87 ]
Pmax = [ 352 352 352 352 352 352 352 352 352 352 352 352 352 352 352 352 352 352 352 352 352 352 352 352 352 352 352 352 352 352 352 352 352 352 352 352 352 352 352 352 352 352 352 352 352 352 352 352 352 352 352 352 352 352 352 352 352 352 352 352 ]
cf = [ 66.262 66.262 66.262 66.262 66.262 66.262 66.262 66.262 66.262 66.262 66.262 66.262 66.262 66.262 66.262 66.262 66.262 66.262 66.262 66.262 66.262 66.262 66.262 66.262 66.262 66.262 66.262 66.262 66.262 66.262 66.262 66.262 66.262 66.262 66.262 66.262 66.262 66.262 66.262 66.262 66.262 66.262 66.262 66.262 66.262 66.262 66.262 66.262 66.262 66.262 66.262 66.262 66.262 66.262 66.262 66.262 66.262 66.262 66.262 66.262 ]
c0 = [ 229 229 229 229 229 229 229 229 229 229 229 229 229 229 229 229 229 229 229 229 229 229 229 229 229 229 229 229 229 229 229 229 229 229 229 229 229 229 229 229 229 229 229 229 229 229 229 229 229 229 229 229 229 229 229 229 229 229 229 229 ]
cp = [ 13.8675 13.8675 13.8675 13.8675 13.8675 13.8675 13.8675 13.8675 13.8675 13.8675 13.8675 13.8675 13.8675 13.8675 13.8675 13.8675 13.8675 13.8675 13.8675 13.8675 13.8675 13.8675 13.8675 13.8675 13.8675 13.8675 13.8675 13.8675 13.8675 13.8675 13.8675 13.8675 13.8675 13.8675 13.8675 13.8675 13.8675 13.8675 13.8675 13.8675 13.8675 13.8675 13.8675 13.8675 13.8675 13.8675 13.8675 13.8675 13.8675 13.8675 13.8675 13.8675 13.8675 13.8675 13.8675 13.8675 13.8675 13.8675 13.8675 13.8675 ]
D = [ 5499 6573 6476 7413 7463 8089 9060 9304 9519 10394 10722 11431 11396 12021 12552 13207 13429 14012 14836 14739 15897 16328 16839 17155 17034 16597 15951 14950 14432 13968 13026 12369 11649 10968 9918 11236 11480 12545 13621 14439 15892 13675 12426 11067 9834 8631 7441 5944 4642 5120 5533 5702 6269 7260 7645 7637 8419 8881 9732 10567 10713 11141 12170 12485 13094 13201 14073 14704 14958 15866 15815 16260 17373 16069 15652 15314 15014 13869 13174 13059 11860 11892 10570 11753 12901 13779 14422 14976 15785 14618 13348 12487 11217 9599 8520 7327 6163 6368 7510 7761 8168 8746 9315 10041 10544 10773 11764 12072 12443 12888 13461 13827 14878 15122 15413 16541 16760 17435 17694 18384 18380 18254 16864 16085 16109 15334 14592 13341 13092 12126 11446 11928 12708 13766 15296 16056 16821 15520 13611 11770 10393 9379 7382 5688 4517 5205 5564 6117 7021 7360 7853 8741 9098 9945 10499 11495 11577 12527 12528 13583 14288 14962 15007 15935 16223 16796 17871 17824 18768 18253 17017 16681 15756 14448 13560 12807 12439 11316 10524 11245 12337 13069 14084 14097 15082 14138 12633 12032 10601 9348 8364 7046 6298 6616 7007 7561 8316 8353 8809 9928 9903 10434 11167 11692 12258 12070 12891 13392 13424 14306 14996 15209 15710 16078 16830 17202 17712 17116 16288 15239 14785 13605 12973 12298 11816 11110 10524 11144 12511 13574 14847 15725 16009 15240 13868 12788 11366 9507 8462 6608 5645 6002 6986 7115 7332 7955 9162 8888 9566 9941 10718 11378 11855 12282 12496 13067 13799 14767 14653 15112 16049 16196 17418 17837 18280 16883 16785 15644 15171 14163 13446 12494 12172 11079 10585 11424 11896 12708 13601 14237 14908 13336 12234 10985 10169 8766 7573 6973 ]
K = 60
nk = [ 1 1 1 1 1 1 1 1 1 1 1 1 1 1 1 1 1 1 1 1 1 1 1 1 1 1 1 1 1 1 1 1 1 1 1 1 1 1 1 1 1 1 1 1 1 1 1 1 1 1 1 1 1 1 1 1 1 1 1 1 ]
First = [ 1 0 0 0 0 0 0 0 0 0 0 0 0 0 0 0 0 0 0 0 0 0 0 0 0 0 0 0 0 0 0 0 0 0 0 0 0 0 0 0 0 0 0 0 0 0 0 0 0 0 0 0 0 0 0 0 0 0 0 0 ]
Last = [ 0 0 0 0 0 0 0 0 0 0 0 0 0 0 0 0 0 0 0 0 0 0 0 0 0 0 0 0 0 0 0 0 0 0 0 0 0 0 0 0 0 0 0 0 0 0 0 0 0 0 0 0 0 0 0 0 0 0 0 1 ]
nS = 1
S = [ 0 1 2 3 4 5 6 7 8 9 10 11 12 13 14 15 16 17 18 19 20 21 22 23 24 25 26 27 28 29 30 31 32 33 34 35 36 37 38 39 40 41 42 43 44 45 46 47 48 49 50 51 52 53 54 55 56 57 58 59 ]
