n = 60 ; 
T = 288 ; 
Init = [ 1 1 1 1 1 1 1 1 1 1 1 1 1 1 1 1 1 1 1 1 1 1 1 1 1 1 1 1 1 1 1 1 1 1 1 1 1 1 1 1 1 1 1 1 1 1 1 1 1 1 1 1 1 1 1 1 1 1 1 1 ]
L = [ 8 8 8 8 8 8 8 8 8 8 8 8 8 8 8 8 8 8 8 8 8 8 8 8 8 8 8 8 8 8 8 8 8 8 8 8 8 8 8 8 8 8 8 8 8 8 8 8 8 8 8 8 8 8 8 8 8 8 8 8 ]
l = [ 8 8 8 8 8 8 8 8 8 8 8 8 8 8 8 8 8 8 8 8 8 8 8 8 8 8 8 8 8 8 8 8 8 8 8 8 8 8 8 8 8 8 8 8 8 8 8 8 8 8 8 8 8 8 8 8 8 8 8 8 ]
Pmin = [ 40 40 40 40 40 40 40 40 40 40 40 40 40 40 40 40 40 40 40 40 40 40 40 40 40 40 40 40 40 40 40 40 40 40 40 40 40 40 40 40 40 40 40 40 40 40 40 40 40 40 40 40 40 40 40 40 40 40 40 40 ]
Pmax = [ 147 147 147 147 147 147 147 147 147 147 147 147 147 147 147 147 147 147 147 147 147 147 147 147 147 147 147 147 147 147 147 147 147 147 147 147 147 147 147 147 147 147 147 147 147 147 147 147 147 147 147 147 147 147 147 147 147 147 147 147 ]
cf = [ 30.7283 30.7283 30.7283 30.7283 30.7283 30.7283 30.7283 30.7283 30.7283 30.7283 30.7283 30.7283 30.7283 30.7283 30.7283 30.7283 30.7283 30.7283 30.7283 30.7283 30.7283 30.7283 30.7283 30.7283 30.7283 30.7283 30.7283 30.7283 30.7283 30.7283 30.7283 30.7283 30.7283 30.7283 30.7283 30.7283 30.7283 30.7283 30.7283 30.7283 30.7283 30.7283 30.7283 30.7283 30.7283 30.7283 30.7283 30.7283 30.7283 30.7283 30.7283 30.7283 30.7283 30.7283 30.7283 30.7283 30.7283 30.7283 30.7283 30.7283 ]
c0 = [ 108 108 108 108 108 108 108 108 108 108 108 108 108 108 108 108 108 108 108 108 108 108 108 108 108 108 108 108 108 108 108 108 108 108 108 108 108 108 108 108 108 108 108 108 108 108 108 108 108 108 108 108 108 108 108 108 108 108 108 108 ]
cp = [ 23.0003 23.0003 23.0003 23.0003 23.0003 23.0003 23.0003 23.0003 23.0003 23.0003 23.0003 23.0003 23.0003 23.0003 23.0003 23.0003 23.0003 23.0003 23.0003 23.0003 23.0003 23.0003 23.0003 23.0003 23.0003 23.0003 23.0003 23.0003 23.0003 23.0003 23.0003 23.0003 23.0003 23.0003 23.0003 23.0003 23.0003 23.0003 23.0003 23.0003 23.0003 23.0003 23.0003 23.0003 23.0003 23.0003 23.0003 23.0003 23.0003 23.0003 23.0003 23.0003 23.0003 23.0003 23.0003 23.0003 23.0003 23.0003 23.0003 23.0003 ]
D = [ 2775 2681 2982 3293 3300 3677 3822 3825 4166 4493 4486 4742 5009 5132 5437 5464 5833 6132 6110 6498 6436 6739 6959 7229 7261 7159 6807 6497 6025 6032 5662 5110 4823 4556 4468 4625 5170 5310 5623 5958 6224 5817 5342 4809 4326 3603 3251 2585 2127 2418 2531 2673 2914 3020 3344 3542 3935 4009 4223 4298 4587 4978 5267 5362 5380 5672 6054 6200 6551 6582 6779 6943 7156 7050 6602 6252 6203 5758 5474 5149 4779 4392 4346 4704 4910 5322 5661 6045 6667 6038 5314 4689 4235 3584 3191 2540 1936 2246 2280 2545 2714 3060 3231 3617 3634 4142 4113 4404 4822 5109 5213 5295 5528 5974 5932 6461 6403 6661 6956 7173 7611 7294 6974 6519 6407 5867 5573 5294 5186 4698 4455 4667 5382 5813 6182 6685 7042 6435 5577 5052 4503 3872 3201 2303 1771 1946 2485 2477 2990 3025 3211 3488 3887 4098 4220 4435 4707 4966 5115 5391 5944 6168 6373 6609 6618 6942 7272 7645 7588 7453 7140 6926 6483 6112 5981 5649 5208 5016 4431 4840 5022 5313 5754 6088 6344 5590 5177 4742 4354 3843 3437 3003 2675 2675 2999 3110 3466 3541 3878 3827 4087 4409 4586 4619 5024 4989 5289 5364 5855 5868 5931 6469 6518 6595 6841 7181 7300 7061 6816 6438 6203 5636 5337 5190 4781 4611 4381 4480 4889 5501 5707 6181 6567 6127 5459 4722 4406 3490 2985 2612 1798 2241 2246 2814 2964 3248 3535 3776 4066 4158 4294 4720 4886 5080 5520 5551 5909 6076 6451 6603 7039 7262 7331 7790 7742 7411 7099 6741 6613 5995 5821 5241 5169 4750 4136 4714 5078 5601 5817 6222 6588 6145 5472 5209 4710 3875 3393 3003 ]
K = 60
nk = [ 1 1 1 1 1 1 1 1 1 1 1 1 1 1 1 1 1 1 1 1 1 1 1 1 1 1 1 1 1 1 1 1 1 1 1 1 1 1 1 1 1 1 1 1 1 1 1 1 1 1 1 1 1 1 1 1 1 1 1 1 ]
First = [ 1 0 0 0 0 0 0 0 0 0 0 0 0 0 0 0 0 0 0 0 0 0 0 0 0 0 0 0 0 0 0 0 0 0 0 0 0 0 0 0 0 0 0 0 0 0 0 0 0 0 0 0 0 0 0 0 0 0 0 0 ]
Last = [ 0 0 0 0 0 0 0 0 0 0 0 0 0 0 0 0 0 0 0 0 0 0 0 0 0 0 0 0 0 0 0 0 0 0 0 0 0 0 0 0 0 0 0 0 0 0 0 0 0 0 0 0 0 0 0 0 0 0 0 1 ]
nS = 1
S = [ 0 1 2 3 4 5 6 7 8 9 10 11 12 13 14 15 16 17 18 19 20 21 22 23 24 25 26 27 28 29 30 31 32 33 34 35 36 37 38 39 40 41 42 43 44 45 46 47 48 49 50 51 52 53 54 55 56 57 58 59 ]
