n = 60 ; 
T = 288 ; 
Init = [ 1 1 1 1 1 1 1 1 1 1 1 1 1 1 1 1 1 1 1 1 1 1 1 1 1 1 1 1 1 1 1 1 1 1 1 1 1 1 1 1 1 1 1 1 1 1 1 1 1 1 1 1 1 1 1 1 1 1 1 1 ]
L = [ 14 14 14 14 14 14 14 14 14 14 14 14 14 14 14 14 14 14 14 14 14 14 14 14 14 14 14 14 14 14 14 14 14 14 14 14 14 14 14 14 14 14 14 14 14 14 14 14 14 14 14 14 14 14 14 14 14 14 14 14 ]
l = [ 14 14 14 14 14 14 14 14 14 14 14 14 14 14 14 14 14 14 14 14 14 14 14 14 14 14 14 14 14 14 14 14 14 14 14 14 14 14 14 14 14 14 14 14 14 14 14 14 14 14 14 14 14 14 14 14 14 14 14 14 ]
Pmin = [ 73 73 73 73 73 73 73 73 73 73 73 73 73 73 73 73 73 73 73 73 73 73 73 73 73 73 73 73 73 73 73 73 73 73 73 73 73 73 73 73 73 73 73 73 73 73 73 73 73 73 73 73 73 73 73 73 73 73 73 73 ]
Pmax = [ 273 273 273 273 273 273 273 273 273 273 273 273 273 273 273 273 273 273 273 273 273 273 273 273 273 273 273 273 273 273 273 273 273 273 273 273 273 273 273 273 273 273 273 273 273 273 273 273 273 273 273 273 273 273 273 273 273 273 273 273 ]
cf = [ 20.9994 20.9994 20.9994 20.9994 20.9994 20.9994 20.9994 20.9994 20.9994 20.9994 20.9994 20.9994 20.9994 20.9994 20.9994 20.9994 20.9994 20.9994 20.9994 20.9994 20.9994 20.9994 20.9994 20.9994 20.9994 20.9994 20.9994 20.9994 20.9994 20.9994 20.9994 20.9994 20.9994 20.9994 20.9994 20.9994 20.9994 20.9994 20.9994 20.9994 20.9994 20.9994 20.9994 20.9994 20.9994 20.9994 20.9994 20.9994 20.9994 20.9994 20.9994 20.9994 20.9994 20.9994 20.9994 20.9994 20.9994 20.9994 20.9994 20.9994 ]
c0 = [ 191 191 191 191 191 191 191 191 191 191 191 191 191 191 191 191 191 191 191 191 191 191 191 191 191 191 191 191 191 191 191 191 191 191 191 191 191 191 191 191 191 191 191 191 191 191 191 191 191 191 191 191 191 191 191 191 191 191 191 191 ]
cp = [ 28.726 28.726 28.726 28.726 28.726 28.726 28.726 28.726 28.726 28.726 28.726 28.726 28.726 28.726 28.726 28.726 28.726 28.726 28.726 28.726 28.726 28.726 28.726 28.726 28.726 28.726 28.726 28.726 28.726 28.726 28.726 28.726 28.726 28.726 28.726 28.726 28.726 28.726 28.726 28.726 28.726 28.726 28.726 28.726 28.726 28.726 28.726 28.726 28.726 28.726 28.726 28.726 28.726 28.726 28.726 28.726 28.726 28.726 28.726 28.726 ]
D = [ 5032 4953 5202 6171 6285 6839 6722 7706 7493 8406 8715 8991 9485 9790 10403 10372 11147 10926 11915 12204 12549 12667 13391 13266 13586 13596 13071 12131 11349 11001 10417 9592 9439 8722 7828 8552 9152 9559 10229 10888 11826 10215 9870 8712 7678 6909 5337 4696 3519 4348 4490 4809 5691 6126 6241 6699 7129 7653 7880 8827 9036 9420 9745 10449 10936 11355 11774 12290 12695 12942 13410 14032 14348 14046 13168 12391 11684 11038 10672 9903 8981 8308 8064 8319 9031 9851 10771 11464 12359 11304 10087 8988 7868 7183 6340 5257 4269 4493 4751 5582 5594 6395 6529 7215 7659 7689 8773 9210 9660 9611 10026 10563 11355 11730 11773 12530 12707 13327 13984 14496 14637 14142 13216 13072 11926 11261 11062 9940 9709 8668 7932 9342 10078 10450 11446 12181 12794 11909 10770 9523 8799 7630 6474 5442 3969 4692 5169 5662 6102 6423 6414 6832 7598 7765 8595 8964 9038 9847 10174 10500 10872 11158 11975 11896 12787 12789 13729 13885 14475 13817 12822 12598 11654 11551 11032 10012 9557 9095 8150 8865 9455 9887 10599 11535 11715 10606 9915 8828 8108 6670 6144 4721 3733 4429 4804 4729 5666 5741 5957 6715 6851 7283 8166 8420 8486 8858 9131 9714 10228 10866 11058 11470 11767 12533 12574 13093 13685 13062 12769 12025 11141 10752 10468 9843 9750 8785 8341 9384 10005 10631 11377 12389 13046 11728 10703 9790 8444 7290 5905 5329 4117 4131 4664 5188 5409 6356 6497 6830 7339 8011 8097 8798 8871 9247 9815 10415 10783 10954 11458 12300 12583 12657 13291 13558 14039 13556 13023 12681 12115 11045 10614 10262 9429 9100 8184 9062 9857 10572 10696 11569 12524 11250 10029 9574 8244 7160 6218 4824 ]
K = 60
nk = [ 1 1 1 1 1 1 1 1 1 1 1 1 1 1 1 1 1 1 1 1 1 1 1 1 1 1 1 1 1 1 1 1 1 1 1 1 1 1 1 1 1 1 1 1 1 1 1 1 1 1 1 1 1 1 1 1 1 1 1 1 ]
First = [ 1 0 0 0 0 0 0 0 0 0 0 0 0 0 0 0 0 0 0 0 0 0 0 0 0 0 0 0 0 0 0 0 0 0 0 0 0 0 0 0 0 0 0 0 0 0 0 0 0 0 0 0 0 0 0 0 0 0 0 0 ]
Last = [ 0 0 0 0 0 0 0 0 0 0 0 0 0 0 0 0 0 0 0 0 0 0 0 0 0 0 0 0 0 0 0 0 0 0 0 0 0 0 0 0 0 0 0 0 0 0 0 0 0 0 0 0 0 0 0 0 0 0 0 1 ]
nS = 1
S = [ 0 1 2 3 4 5 6 7 8 9 10 11 12 13 14 15 16 17 18 19 20 21 22 23 24 25 26 27 28 29 30 31 32 33 34 35 36 37 38 39 40 41 42 43 44 45 46 47 48 49 50 51 52 53 54 55 56 57 58 59 ]
