n = 60 ; 
T = 288 ; 
Init = [ 0 0 0 0 0 0 0 0 0 0 0 0 0 0 0 0 0 0 0 0 0 0 0 0 0 0 0 0 0 0 0 0 0 0 0 0 0 0 0 0 0 0 0 0 0 0 0 0 0 0 0 0 0 0 0 0 0 0 0 0 ]
L = [ 15 15 15 15 15 15 15 15 15 15 15 15 15 15 15 15 15 15 15 15 15 15 15 15 15 15 15 15 15 15 15 15 15 15 15 15 15 15 15 15 15 15 15 15 15 15 15 15 15 15 15 15 15 15 15 15 15 15 15 15 ]
l = [ 15 15 15 15 15 15 15 15 15 15 15 15 15 15 15 15 15 15 15 15 15 15 15 15 15 15 15 15 15 15 15 15 15 15 15 15 15 15 15 15 15 15 15 15 15 15 15 15 15 15 15 15 15 15 15 15 15 15 15 15 ]
Pmin = [ 77 77 77 77 77 77 77 77 77 77 77 77 77 77 77 77 77 77 77 77 77 77 77 77 77 77 77 77 77 77 77 77 77 77 77 77 77 77 77 77 77 77 77 77 77 77 77 77 77 77 77 77 77 77 77 77 77 77 77 77 ]
Pmax = [ 299 299 299 299 299 299 299 299 299 299 299 299 299 299 299 299 299 299 299 299 299 299 299 299 299 299 299 299 299 299 299 299 299 299 299 299 299 299 299 299 299 299 299 299 299 299 299 299 299 299 299 299 299 299 299 299 299 299 299 299 ]
cf = [ 53.9011 53.9011 53.9011 53.9011 53.9011 53.9011 53.9011 53.9011 53.9011 53.9011 53.9011 53.9011 53.9011 53.9011 53.9011 53.9011 53.9011 53.9011 53.9011 53.9011 53.9011 53.9011 53.9011 53.9011 53.9011 53.9011 53.9011 53.9011 53.9011 53.9011 53.9011 53.9011 53.9011 53.9011 53.9011 53.9011 53.9011 53.9011 53.9011 53.9011 53.9011 53.9011 53.9011 53.9011 53.9011 53.9011 53.9011 53.9011 53.9011 53.9011 53.9011 53.9011 53.9011 53.9011 53.9011 53.9011 53.9011 53.9011 53.9011 53.9011 ]
c0 = [ 209 209 209 209 209 209 209 209 209 209 209 209 209 209 209 209 209 209 209 209 209 209 209 209 209 209 209 209 209 209 209 209 209 209 209 209 209 209 209 209 209 209 209 209 209 209 209 209 209 209 209 209 209 209 209 209 209 209 209 209 ]
cp = [ 16.4522 16.4522 16.4522 16.4522 16.4522 16.4522 16.4522 16.4522 16.4522 16.4522 16.4522 16.4522 16.4522 16.4522 16.4522 16.4522 16.4522 16.4522 16.4522 16.4522 16.4522 16.4522 16.4522 16.4522 16.4522 16.4522 16.4522 16.4522 16.4522 16.4522 16.4522 16.4522 16.4522 16.4522 16.4522 16.4522 16.4522 16.4522 16.4522 16.4522 16.4522 16.4522 16.4522 16.4522 16.4522 16.4522 16.4522 16.4522 16.4522 16.4522 16.4522 16.4522 16.4522 16.4522 16.4522 16.4522 16.4522 16.4522 16.4522 16.4522 ]
D = [ 3590 3965 4523 5248 5233 5995 6465 7006 7506 7521 8195 8502 9285 10005 10268 10907 10972 11671 11980 12412 12585 13075 13892 14201 15083 14551 13612 13409 12486 12176 11782 11180 10780 9763 9421 9895 11247 11548 12816 13486 14054 12739 11894 10705 9645 7881 6866 5407 4113 4606 4913 5530 6339 6981 7213 7532 8318 8486 8942 9967 10330 10445 11286 11852 12417 12395 13429 13937 14327 14713 15420 15304 15933 15186 14263 13728 12746 11977 11555 10689 9919 9310 8567 9582 9874 10339 11179 11763 12619 11728 11149 10182 8911 7962 7066 5867 4754 5416 5776 6220 6717 7301 7520 8006 8209 9038 9512 9864 9990 10767 10698 11295 11481 12001 12741 13017 13221 13975 14678 14913 15034 14477 13903 13607 12846 12400 11185 11149 10220 9657 8921 10035 10167 11198 11654 12280 12996 11760 10572 9966 8364 7397 6243 5119 4298 4594 5361 5287 6340 6708 7205 7709 8194 8551 8741 9277 10231 10176 10921 11546 12024 12036 12736 13077 13717 14190 14745 15516 15935 15247 14309 13771 12907 11970 11301 10536 10128 9021 8415 9451 10538 10819 11873 12960 13830 12643 11837 10512 9502 8239 7053 6035 5342 5578 6061 6544 6572 7246 7595 8135 8870 9186 9329 9689 10128 11161 11027 11601 12106 12914 13494 13893 14258 14594 15064 15246 16195 14884 14719 13933 13259 12592 11902 11215 10331 9671 9015 9960 11058 11833 12865 13528 14166 12806 12012 10555 9775 8395 7059 5614 4773 5037 5139 6102 6157 6864 7108 7887 7859 8090 8657 9360 9607 10257 10477 11355 11455 12194 12128 12805 13251 13665 14063 14348 14644 14518 13979 13269 12862 11711 11613 10943 10345 9919 9065 9314 10387 10571 11886 12502 12487 11467 10600 9364 8564 7488 5982 4853 ]
K = 60
nk = [ 1 1 1 1 1 1 1 1 1 1 1 1 1 1 1 1 1 1 1 1 1 1 1 1 1 1 1 1 1 1 1 1 1 1 1 1 1 1 1 1 1 1 1 1 1 1 1 1 1 1 1 1 1 1 1 1 1 1 1 1 ]
First = [ 1 0 0 0 0 0 0 0 0 0 0 0 0 0 0 0 0 0 0 0 0 0 0 0 0 0 0 0 0 0 0 0 0 0 0 0 0 0 0 0 0 0 0 0 0 0 0 0 0 0 0 0 0 0 0 0 0 0 0 0 ]
Last = [ 0 0 0 0 0 0 0 0 0 0 0 0 0 0 0 0 0 0 0 0 0 0 0 0 0 0 0 0 0 0 0 0 0 0 0 0 0 0 0 0 0 0 0 0 0 0 0 0 0 0 0 0 0 0 0 0 0 0 0 1 ]
nS = 1
S = [ 0 1 2 3 4 5 6 7 8 9 10 11 12 13 14 15 16 17 18 19 20 21 22 23 24 25 26 27 28 29 30 31 32 33 34 35 36 37 38 39 40 41 42 43 44 45 46 47 48 49 50 51 52 53 54 55 56 57 58 59 ]
