n = 60 ; 
T = 288 ; 
Init = [ 1 1 1 1 1 1 1 1 1 1 1 1 1 1 1 1 1 1 1 1 1 1 1 1 1 1 1 1 1 1 1 1 1 1 1 1 1 1 1 1 1 1 1 1 1 1 1 1 1 1 1 1 1 1 1 1 1 1 1 1 ]
L = [ 12 12 12 12 12 12 12 12 12 12 12 12 12 12 12 12 12 12 12 12 12 12 12 12 12 12 12 12 12 12 12 12 12 12 12 12 12 12 12 12 12 12 12 12 12 12 12 12 12 12 12 12 12 12 12 12 12 12 12 12 ]
l = [ 12 12 12 12 12 12 12 12 12 12 12 12 12 12 12 12 12 12 12 12 12 12 12 12 12 12 12 12 12 12 12 12 12 12 12 12 12 12 12 12 12 12 12 12 12 12 12 12 12 12 12 12 12 12 12 12 12 12 12 12 ]
Pmin = [ 69 69 69 69 69 69 69 69 69 69 69 69 69 69 69 69 69 69 69 69 69 69 69 69 69 69 69 69 69 69 69 69 69 69 69 69 69 69 69 69 69 69 69 69 69 69 69 69 69 69 69 69 69 69 69 69 69 69 69 69 ]
Pmax = [ 249 249 249 249 249 249 249 249 249 249 249 249 249 249 249 249 249 249 249 249 249 249 249 249 249 249 249 249 249 249 249 249 249 249 249 249 249 249 249 249 249 249 249 249 249 249 249 249 249 249 249 249 249 249 249 249 249 249 249 249 ]
cf = [ 20.5942 20.5942 20.5942 20.5942 20.5942 20.5942 20.5942 20.5942 20.5942 20.5942 20.5942 20.5942 20.5942 20.5942 20.5942 20.5942 20.5942 20.5942 20.5942 20.5942 20.5942 20.5942 20.5942 20.5942 20.5942 20.5942 20.5942 20.5942 20.5942 20.5942 20.5942 20.5942 20.5942 20.5942 20.5942 20.5942 20.5942 20.5942 20.5942 20.5942 20.5942 20.5942 20.5942 20.5942 20.5942 20.5942 20.5942 20.5942 20.5942 20.5942 20.5942 20.5942 20.5942 20.5942 20.5942 20.5942 20.5942 20.5942 20.5942 20.5942 ]
c0 = [ 189 189 189 189 189 189 189 189 189 189 189 189 189 189 189 189 189 189 189 189 189 189 189 189 189 189 189 189 189 189 189 189 189 189 189 189 189 189 189 189 189 189 189 189 189 189 189 189 189 189 189 189 189 189 189 189 189 189 189 189 ]
cp = [ 19.7441 19.7441 19.7441 19.7441 19.7441 19.7441 19.7441 19.7441 19.7441 19.7441 19.7441 19.7441 19.7441 19.7441 19.7441 19.7441 19.7441 19.7441 19.7441 19.7441 19.7441 19.7441 19.7441 19.7441 19.7441 19.7441 19.7441 19.7441 19.7441 19.7441 19.7441 19.7441 19.7441 19.7441 19.7441 19.7441 19.7441 19.7441 19.7441 19.7441 19.7441 19.7441 19.7441 19.7441 19.7441 19.7441 19.7441 19.7441 19.7441 19.7441 19.7441 19.7441 19.7441 19.7441 19.7441 19.7441 19.7441 19.7441 19.7441 19.7441 ]
D = [ 4120 4007 4422 4876 5199 5838 6070 6695 7007 7551 7613 8187 8383 8876 9210 9481 10326 10225 10881 11297 11584 11781 12300 13029 13400 12825 12058 11489 10858 10268 10019 9114 8622 8401 7564 8136 8697 9430 9643 10129 11020 10035 9237 8467 7588 6737 5850 4831 3892 4069 4518 4919 5487 5330 6257 6197 6948 6934 7539 8032 8338 8349 8834 9305 9559 9961 10158 10926 11432 11761 11955 12512 12857 12046 11876 11019 10718 10011 9847 8994 8691 8007 7781 8248 8806 9711 10344 10684 11204 10434 9260 8676 7546 6486 5405 4755 3314 3983 4634 4689 5108 5420 5692 6520 6588 7121 7566 8067 8294 8553 8957 9436 9674 10363 10707 11158 11656 11801 12105 12525 13169 12246 11657 11066 10873 10373 9468 9230 8407 7759 7182 8117 8522 8958 9730 10407 10982 9778 9131 8110 7368 6134 5795 4898 4046 4477 4732 4689 5099 5929 6261 6740 6635 7297 7521 7934 8587 8582 8833 9355 9555 10513 10446 10902 11479 11852 11832 12636 12935 12563 11780 11042 10693 9938 9425 9009 8308 8271 7434 8045 9141 9537 10249 11461 12142 10947 9844 9046 8067 6837 5587 5028 3649 4388 4566 4615 5109 5683 5921 6197 6796 7155 7268 7769 7829 8409 8668 8981 9532 9666 9919 10287 10929 10799 11202 11627 11858 11885 11247 10565 9930 9857 9086 8587 8311 7970 7175 8305 8852 9803 10267 11067 12034 11008 9514 8939 7551 6569 5365 4182 3374 3464 4279 4595 5129 5149 5912 6262 6592 6744 7303 7777 8216 8536 9384 9406 10015 10295 10512 11178 11644 11772 12729 12698 13302 12576 12047 11452 11247 10307 10220 9398 8725 8433 7506 8167 9290 9925 10514 10950 11315 10424 9893 8658 7665 6964 5928 5123 ]
K = 60
nk = [ 1 1 1 1 1 1 1 1 1 1 1 1 1 1 1 1 1 1 1 1 1 1 1 1 1 1 1 1 1 1 1 1 1 1 1 1 1 1 1 1 1 1 1 1 1 1 1 1 1 1 1 1 1 1 1 1 1 1 1 1 ]
First = [ 1 0 0 0 0 0 0 0 0 0 0 0 0 0 0 0 0 0 0 0 0 0 0 0 0 0 0 0 0 0 0 0 0 0 0 0 0 0 0 0 0 0 0 0 0 0 0 0 0 0 0 0 0 0 0 0 0 0 0 0 ]
Last = [ 0 0 0 0 0 0 0 0 0 0 0 0 0 0 0 0 0 0 0 0 0 0 0 0 0 0 0 0 0 0 0 0 0 0 0 0 0 0 0 0 0 0 0 0 0 0 0 0 0 0 0 0 0 0 0 0 0 0 0 1 ]
nS = 1
S = [ 0 1 2 3 4 5 6 7 8 9 10 11 12 13 14 15 16 17 18 19 20 21 22 23 24 25 26 27 28 29 30 31 32 33 34 35 36 37 38 39 40 41 42 43 44 45 46 47 48 49 50 51 52 53 54 55 56 57 58 59 ]
