n = 60 ; 
T = 288 ; 
Init = [ 1 1 1 1 1 1 1 1 1 1 1 1 1 1 1 1 1 1 1 1 1 1 1 1 1 1 1 1 1 1 1 1 1 1 1 1 1 1 1 1 1 1 1 1 1 1 1 1 1 1 1 1 1 1 1 1 1 1 1 1 ]
L = [ 20 20 20 20 20 20 20 20 20 20 20 20 20 20 20 20 20 20 20 20 20 20 20 20 20 20 20 20 20 20 20 20 20 20 20 20 20 20 20 20 20 20 20 20 20 20 20 20 20 20 20 20 20 20 20 20 20 20 20 20 ]
l = [ 20 20 20 20 20 20 20 20 20 20 20 20 20 20 20 20 20 20 20 20 20 20 20 20 20 20 20 20 20 20 20 20 20 20 20 20 20 20 20 20 20 20 20 20 20 20 20 20 20 20 20 20 20 20 20 20 20 20 20 20 ]
Pmin = [ 100 100 100 100 100 100 100 100 100 100 100 100 100 100 100 100 100 100 100 100 100 100 100 100 100 100 100 100 100 100 100 100 100 100 100 100 100 100 100 100 100 100 100 100 100 100 100 100 100 100 100 100 100 100 100 100 100 100 100 100 ]
Pmax = [ 420 420 420 420 420 420 420 420 420 420 420 420 420 420 420 420 420 420 420 420 420 420 420 420 420 420 420 420 420 420 420 420 420 420 420 420 420 420 420 420 420 420 420 420 420 420 420 420 420 420 420 420 420 420 420 420 420 420 420 420 ]
cf = [ 37.1632 37.1632 37.1632 37.1632 37.1632 37.1632 37.1632 37.1632 37.1632 37.1632 37.1632 37.1632 37.1632 37.1632 37.1632 37.1632 37.1632 37.1632 37.1632 37.1632 37.1632 37.1632 37.1632 37.1632 37.1632 37.1632 37.1632 37.1632 37.1632 37.1632 37.1632 37.1632 37.1632 37.1632 37.1632 37.1632 37.1632 37.1632 37.1632 37.1632 37.1632 37.1632 37.1632 37.1632 37.1632 37.1632 37.1632 37.1632 37.1632 37.1632 37.1632 37.1632 37.1632 37.1632 37.1632 37.1632 37.1632 37.1632 37.1632 37.1632 ]
c0 = [ 250 250 250 250 250 250 250 250 250 250 250 250 250 250 250 250 250 250 250 250 250 250 250 250 250 250 250 250 250 250 250 250 250 250 250 250 250 250 250 250 250 250 250 250 250 250 250 250 250 250 250 250 250 250 250 250 250 250 250 250 ]
cp = [ 10.7939 10.7939 10.7939 10.7939 10.7939 10.7939 10.7939 10.7939 10.7939 10.7939 10.7939 10.7939 10.7939 10.7939 10.7939 10.7939 10.7939 10.7939 10.7939 10.7939 10.7939 10.7939 10.7939 10.7939 10.7939 10.7939 10.7939 10.7939 10.7939 10.7939 10.7939 10.7939 10.7939 10.7939 10.7939 10.7939 10.7939 10.7939 10.7939 10.7939 10.7939 10.7939 10.7939 10.7939 10.7939 10.7939 10.7939 10.7939 10.7939 10.7939 10.7939 10.7939 10.7939 10.7939 10.7939 10.7939 10.7939 10.7939 10.7939 10.7939 ]
D = [ 7348 7221 7936 8293 9755 9472 10721 11137 12123 12379 12490 13871 14574 14725 14910 15782 16606 17087 17423 18514 18750 19216 20462 20219 21051 20639 19809 18900 18054 16626 16045 15405 14258 13793 12910 13660 15363 16164 16731 18821 19278 17389 16275 13860 12531 11002 8860 6747 5584 6262 6478 7478 8198 8377 9404 10576 11047 11298 12195 13073 13313 14798 15201 16079 16961 17275 18448 19246 19244 19807 21082 21358 22592 20918 20728 19728 18239 17844 17118 15451 15017 13789 13414 13690 14648 15290 16020 16732 17915 16429 14905 13214 11486 9648 8119 6555 5634 5553 6147 7785 8429 8938 10002 10159 10858 11172 12817 13205 14058 14172 15725 16421 16465 16922 18001 19163 19692 20678 20700 21996 22040 21351 20250 19064 18488 17031 16213 15301 14054 13113 12114 12872 13801 15227 16433 17345 18367 16875 14838 13377 12291 10082 8601 6841 5329 6538 7291 7905 8040 8644 9719 10441 11264 11455 12975 12884 14121 14350 15156 15769 17173 17850 18444 18926 19145 19858 20833 21430 22240 21388 20457 19073 18485 17487 16831 15814 14319 13720 12620 13568 14872 16147 17121 18551 19320 17596 15725 14521 13338 11576 10288 8804 7219 7881 8634 9323 10005 10324 10367 11000 11613 12597 12685 13649 14482 14472 14685 15747 16672 16260 17045 17712 17904 18951 19902 19798 21024 19557 18755 17656 16966 16378 15372 14727 14255 13455 11944 13477 14320 15185 15796 17713 18007 16785 15729 13927 13155 11766 10479 9077 7048 7688 8785 9264 9946 10790 11422 11353 12036 12867 13171 13898 15072 15883 16427 16431 17834 18261 18541 19070 19797 20638 20744 21437 22348 21765 19815 19381 17865 17591 15949 14911 13648 13490 12309 13349 14647 15720 17077 18438 19721 17827 16361 14255 12551 11007 9293 7363 ]
K = 60
nk = [ 1 1 1 1 1 1 1 1 1 1 1 1 1 1 1 1 1 1 1 1 1 1 1 1 1 1 1 1 1 1 1 1 1 1 1 1 1 1 1 1 1 1 1 1 1 1 1 1 1 1 1 1 1 1 1 1 1 1 1 1 ]
First = [ 1 0 0 0 0 0 0 0 0 0 0 0 0 0 0 0 0 0 0 0 0 0 0 0 0 0 0 0 0 0 0 0 0 0 0 0 0 0 0 0 0 0 0 0 0 0 0 0 0 0 0 0 0 0 0 0 0 0 0 0 ]
Last = [ 0 0 0 0 0 0 0 0 0 0 0 0 0 0 0 0 0 0 0 0 0 0 0 0 0 0 0 0 0 0 0 0 0 0 0 0 0 0 0 0 0 0 0 0 0 0 0 0 0 0 0 0 0 0 0 0 0 0 0 1 ]
nS = 1
S = [ 0 1 2 3 4 5 6 7 8 9 10 11 12 13 14 15 16 17 18 19 20 21 22 23 24 25 26 27 28 29 30 31 32 33 34 35 36 37 38 39 40 41 42 43 44 45 46 47 48 49 50 51 52 53 54 55 56 57 58 59 ]
