n = 60 ; 
T = 288 ; 
Init = [ 0 0 0 0 0 0 0 0 0 0 0 0 0 0 0 0 0 0 0 0 0 0 0 0 0 0 0 0 0 0 0 0 0 0 0 0 0 0 0 0 0 0 0 0 0 0 0 0 0 0 0 0 0 0 0 0 0 0 0 0 ]
L = [ 10 10 10 10 10 10 10 10 10 10 10 10 10 10 10 10 10 10 10 10 10 10 10 10 10 10 10 10 10 10 10 10 10 10 10 10 10 10 10 10 10 10 10 10 10 10 10 10 10 10 10 10 10 10 10 10 10 10 10 10 ]
l = [ 10 10 10 10 10 10 10 10 10 10 10 10 10 10 10 10 10 10 10 10 10 10 10 10 10 10 10 10 10 10 10 10 10 10 10 10 10 10 10 10 10 10 10 10 10 10 10 10 10 10 10 10 10 10 10 10 10 10 10 10 ]
Pmin = [ 53 53 53 53 53 53 53 53 53 53 53 53 53 53 53 53 53 53 53 53 53 53 53 53 53 53 53 53 53 53 53 53 53 53 53 53 53 53 53 53 53 53 53 53 53 53 53 53 53 53 53 53 53 53 53 53 53 53 53 53 ]
Pmax = [ 182 182 182 182 182 182 182 182 182 182 182 182 182 182 182 182 182 182 182 182 182 182 182 182 182 182 182 182 182 182 182 182 182 182 182 182 182 182 182 182 182 182 182 182 182 182 182 182 182 182 182 182 182 182 182 182 182 182 182 182 ]
cf = [ 41.8996 41.8996 41.8996 41.8996 41.8996 41.8996 41.8996 41.8996 41.8996 41.8996 41.8996 41.8996 41.8996 41.8996 41.8996 41.8996 41.8996 41.8996 41.8996 41.8996 41.8996 41.8996 41.8996 41.8996 41.8996 41.8996 41.8996 41.8996 41.8996 41.8996 41.8996 41.8996 41.8996 41.8996 41.8996 41.8996 41.8996 41.8996 41.8996 41.8996 41.8996 41.8996 41.8996 41.8996 41.8996 41.8996 41.8996 41.8996 41.8996 41.8996 41.8996 41.8996 41.8996 41.8996 41.8996 41.8996 41.8996 41.8996 41.8996 41.8996 ]
c0 = [ 139 139 139 139 139 139 139 139 139 139 139 139 139 139 139 139 139 139 139 139 139 139 139 139 139 139 139 139 139 139 139 139 139 139 139 139 139 139 139 139 139 139 139 139 139 139 139 139 139 139 139 139 139 139 139 139 139 139 139 139 ]
cp = [ 31.0023 31.0023 31.0023 31.0023 31.0023 31.0023 31.0023 31.0023 31.0023 31.0023 31.0023 31.0023 31.0023 31.0023 31.0023 31.0023 31.0023 31.0023 31.0023 31.0023 31.0023 31.0023 31.0023 31.0023 31.0023 31.0023 31.0023 31.0023 31.0023 31.0023 31.0023 31.0023 31.0023 31.0023 31.0023 31.0023 31.0023 31.0023 31.0023 31.0023 31.0023 31.0023 31.0023 31.0023 31.0023 31.0023 31.0023 31.0023 31.0023 31.0023 31.0023 31.0023 31.0023 31.0023 31.0023 31.0023 31.0023 31.0023 31.0023 31.0023 ]
D = [ 3259 3480 3982 4095 4399 4699 4621 5127 5340 5350 5836 6226 6404 6749 6944 7277 7312 7379 7725 8155 8302 8625 8822 8933 9439 9013 8433 8192 7906 7554 7161 6558 6174 6030 5723 6142 6360 6912 7146 7324 8069 7015 6245 5831 4869 4477 3707 2962 2316 2480 2679 2995 3389 3722 4126 4106 4419 4595 5002 5545 5789 5800 6182 6600 6904 7086 7434 7827 7945 8148 8285 8717 8856 8774 8281 8268 7888 7416 7065 6767 6610 6173 5906 6167 6521 7117 7510 7892 8378 7325 6833 6146 5255 4425 3870 2999 2260 2733 3001 3328 3639 3789 4068 4239 4807 4682 5029 5492 5868 6064 6032 6592 6768 7144 7341 7620 7788 8018 8563 8620 9015 8335 7976 7963 7239 6937 6632 6154 6055 5750 5331 5700 6140 6594 7302 7605 8102 7649 6469 5835 5308 4266 3485 2867 2378 2595 2862 3248 3475 3661 4129 3986 4673 4595 5159 5473 5782 5784 6044 6313 6967 7036 7308 7817 7889 8272 8564 8775 9124 8474 8299 7909 7834 7367 6834 6735 6202 6088 5656 5936 6594 7216 7506 8130 8828 8193 7207 6726 5810 5236 4740 3757 3399 3260 3852 3739 4211 4325 4921 4838 5205 5614 5784 5948 6274 6639 6941 6930 7064 7468 7635 7816 8355 8286 8671 8882 9438 8883 8348 8001 7809 7393 6884 6627 6256 5650 5464 5661 6139 6644 6943 7535 7760 6910 6348 5580 5279 4329 3736 2879 2386 2787 3044 3474 3729 4027 4217 4443 4620 4941 5184 5581 5665 6146 6623 6816 7199 7433 7454 7656 7997 8357 8489 8987 9422 8714 8430 8202 7672 7545 6985 6767 6319 6166 5656 6016 6714 6947 7684 7837 8540 7561 7024 6289 5505 4722 3894 3206 ]
K = 60
nk = [ 1 1 1 1 1 1 1 1 1 1 1 1 1 1 1 1 1 1 1 1 1 1 1 1 1 1 1 1 1 1 1 1 1 1 1 1 1 1 1 1 1 1 1 1 1 1 1 1 1 1 1 1 1 1 1 1 1 1 1 1 ]
First = [ 1 0 0 0 0 0 0 0 0 0 0 0 0 0 0 0 0 0 0 0 0 0 0 0 0 0 0 0 0 0 0 0 0 0 0 0 0 0 0 0 0 0 0 0 0 0 0 0 0 0 0 0 0 0 0 0 0 0 0 0 ]
Last = [ 0 0 0 0 0 0 0 0 0 0 0 0 0 0 0 0 0 0 0 0 0 0 0 0 0 0 0 0 0 0 0 0 0 0 0 0 0 0 0 0 0 0 0 0 0 0 0 0 0 0 0 0 0 0 0 0 0 0 0 1 ]
nS = 1
S = [ 0 1 2 3 4 5 6 7 8 9 10 11 12 13 14 15 16 17 18 19 20 21 22 23 24 25 26 27 28 29 30 31 32 33 34 35 36 37 38 39 40 41 42 43 44 45 46 47 48 49 50 51 52 53 54 55 56 57 58 59 ]
