n = 60 ; 
T = 288 ; 
Init = [ 0 0 0 0 0 0 0 0 0 0 0 0 0 0 0 0 0 0 0 0 0 0 0 0 0 0 0 0 0 0 0 0 0 0 0 0 0 0 0 0 0 0 0 0 0 0 0 0 0 0 0 0 0 0 0 0 0 0 0 0 ]
L = [ 10 10 10 10 10 10 10 10 10 10 10 10 10 10 10 10 10 10 10 10 10 10 10 10 10 10 10 10 10 10 10 10 10 10 10 10 10 10 10 10 10 10 10 10 10 10 10 10 10 10 10 10 10 10 10 10 10 10 10 10 ]
l = [ 10 10 10 10 10 10 10 10 10 10 10 10 10 10 10 10 10 10 10 10 10 10 10 10 10 10 10 10 10 10 10 10 10 10 10 10 10 10 10 10 10 10 10 10 10 10 10 10 10 10 10 10 10 10 10 10 10 10 10 10 ]
Pmin = [ 47 47 47 47 47 47 47 47 47 47 47 47 47 47 47 47 47 47 47 47 47 47 47 47 47 47 47 47 47 47 47 47 47 47 47 47 47 47 47 47 47 47 47 47 47 47 47 47 47 47 47 47 47 47 47 47 47 47 47 47 ]
Pmax = [ 186 186 186 186 186 186 186 186 186 186 186 186 186 186 186 186 186 186 186 186 186 186 186 186 186 186 186 186 186 186 186 186 186 186 186 186 186 186 186 186 186 186 186 186 186 186 186 186 186 186 186 186 186 186 186 186 186 186 186 186 ]
cf = [ 42.6221 42.6221 42.6221 42.6221 42.6221 42.6221 42.6221 42.6221 42.6221 42.6221 42.6221 42.6221 42.6221 42.6221 42.6221 42.6221 42.6221 42.6221 42.6221 42.6221 42.6221 42.6221 42.6221 42.6221 42.6221 42.6221 42.6221 42.6221 42.6221 42.6221 42.6221 42.6221 42.6221 42.6221 42.6221 42.6221 42.6221 42.6221 42.6221 42.6221 42.6221 42.6221 42.6221 42.6221 42.6221 42.6221 42.6221 42.6221 42.6221 42.6221 42.6221 42.6221 42.6221 42.6221 42.6221 42.6221 42.6221 42.6221 42.6221 42.6221 ]
c0 = [ 143 143 143 143 143 143 143 143 143 143 143 143 143 143 143 143 143 143 143 143 143 143 143 143 143 143 143 143 143 143 143 143 143 143 143 143 143 143 143 143 143 143 143 143 143 143 143 143 143 143 143 143 143 143 143 143 143 143 143 143 ]
cp = [ 30.0039 30.0039 30.0039 30.0039 30.0039 30.0039 30.0039 30.0039 30.0039 30.0039 30.0039 30.0039 30.0039 30.0039 30.0039 30.0039 30.0039 30.0039 30.0039 30.0039 30.0039 30.0039 30.0039 30.0039 30.0039 30.0039 30.0039 30.0039 30.0039 30.0039 30.0039 30.0039 30.0039 30.0039 30.0039 30.0039 30.0039 30.0039 30.0039 30.0039 30.0039 30.0039 30.0039 30.0039 30.0039 30.0039 30.0039 30.0039 30.0039 30.0039 30.0039 30.0039 30.0039 30.0039 30.0039 30.0039 30.0039 30.0039 30.0039 30.0039 ]
D = [ 2639 2763 3092 3074 3445 3737 4306 4199 4633 5095 5264 5391 5971 6264 6525 6599 6811 7427 7604 7762 8194 8588 8825 9084 9110 8966 8773 8061 7818 7436 6991 6790 6695 6297 5795 6166 7046 7208 7635 8221 8561 8111 7330 6758 5872 5069 4287 3777 3167 3383 3360 3882 4242 4291 4906 5221 5163 5468 6026 6352 6493 6934 7207 7469 7403 7774 8335 8541 8854 9118 9161 9838 10043 9596 8929 8713 8352 7638 7369 7047 6708 6128 5593 6222 6743 7432 7641 8262 8522 7853 7364 6776 5813 5310 4695 3825 3481 3496 3961 4090 4298 4515 4696 5051 5412 5686 5670 5864 6464 6595 6829 7190 7495 7422 8007 7863 8415 8631 8636 8904 9171 8789 8675 8192 7970 7233 7050 6743 6219 5807 5380 6218 6728 7188 7686 8310 8796 8167 7428 6509 5763 5457 4651 3961 2872 3148 3692 3836 4379 4373 4677 4863 5501 5431 5921 6081 6411 6718 7262 7479 7711 7859 8435 8328 8919 9313 9196 9771 10095 9317 9294 8733 8055 8000 7228 6854 6787 6271 5753 6339 6821 7163 7647 8032 8463 7655 6864 6290 5947 5411 4766 3921 3377 3701 3896 4088 4362 4415 4795 4988 5134 5560 5659 5708 6036 6295 6847 6646 6963 7474 7725 7855 8197 8495 8458 8886 9161 8796 8173 8162 7625 7250 7162 6940 6655 6080 5815 6377 6873 7115 7635 8489 8921 8060 7485 6319 5929 5224 4068 3313 3000 3013 3455 3753 3905 4203 4279 4818 4897 5513 5635 5900 6119 6310 6579 6994 7211 7394 7748 8303 8215 8601 9070 9475 9456 9263 8886 8267 7965 7571 7518 6834 6617 6277 5608 6124 6664 7100 7871 8207 8976 7921 7467 6507 5807 4892 4511 3746 ]
K = 60
nk = [ 1 1 1 1 1 1 1 1 1 1 1 1 1 1 1 1 1 1 1 1 1 1 1 1 1 1 1 1 1 1 1 1 1 1 1 1 1 1 1 1 1 1 1 1 1 1 1 1 1 1 1 1 1 1 1 1 1 1 1 1 ]
First = [ 1 0 0 0 0 0 0 0 0 0 0 0 0 0 0 0 0 0 0 0 0 0 0 0 0 0 0 0 0 0 0 0 0 0 0 0 0 0 0 0 0 0 0 0 0 0 0 0 0 0 0 0 0 0 0 0 0 0 0 0 ]
Last = [ 0 0 0 0 0 0 0 0 0 0 0 0 0 0 0 0 0 0 0 0 0 0 0 0 0 0 0 0 0 0 0 0 0 0 0 0 0 0 0 0 0 0 0 0 0 0 0 0 0 0 0 0 0 0 0 0 0 0 0 1 ]
nS = 1
S = [ 0 1 2 3 4 5 6 7 8 9 10 11 12 13 14 15 16 17 18 19 20 21 22 23 24 25 26 27 28 29 30 31 32 33 34 35 36 37 38 39 40 41 42 43 44 45 46 47 48 49 50 51 52 53 54 55 56 57 58 59 ]
