n = 10 ; 
T = 96 ; 
Init = [ 0 1 0 1 1 1 1 0 1 0 ]
L = [ 10 10 19 8 4 6 9 9 9 14 ]
l = [ 10 10 19 8 4 6 9 9 9 14 ]
Pmin = [ 197 177 420 148 57 103 169 170 163 299 ]
Pmax = [ 197 177 420 148 57 103 169 170 163 299 ]
cf = [ 68.3466 33.2932 22.7445 60.7105 64.8224 67.1879 38.9299 56.705 43.5071 49.6231 ]
c0 = [ 148 155 250 115 71 107 132 144 130 223 ]
cp = [ 32.9082 29.6785 11.903 27.9768 41.1141 32.1861 30.4172 37.8491 31.5348 17.0621 ]
D = [ 165 238 295 306 403 434 461 543 602 613 646 718 769 826 847 913 972 1020 1076 1111 1163 1221 1289 1298 1344 1306 1234 1178 1091 1026 990 916 875 787 734 796 864 904 939 1017 1018 962 869 797 689 628 572 475 411 431 450 504 516 601 632 642 694 715 747 833 864 907 950 969 995 1065 1093 1145 1145 1183 1270 1291 1297 1271 1214 1156 1102 1007 992 928 873 778 730 816 876 931 928 1002 1037 940 855 795 702 562 482 374 ]
