n = 10 ; 
T = 96 ; 
Init = [ 0 1 1 1 0 0 0 0 1 1 ]
L = [ 7 14 16 8 8 16 16 17 13 18 ]
l = [ 7 14 16 8 8 16 16 17 13 18 ]
Pmin = [ 125 299 341 123 147 324 325 354 270 396 ]
Pmax = [ 125 299 341 123 147 324 325 354 270 396 ]
cf = [ 48.7454 37.4804 63.9359 9.45151 51.9146 35.0922 12.7498 61.6676 66.4277 66.6437 ]
c0 = [ 105 200 220 113 108 211 222 219 193 250 ]
cp = [ 32.6186 17.4378 11.1173 32.8018 32.8925 13.2972 21.0315 14.6327 23.7218 12.2595 ]
D = [ 352 431 499 576 612 709 722 839 882 1020 1076 1130 1165 1314 1309 1401 1502 1573 1611 1724 1766 1871 1952 1973 2085 2000 1899 1763 1686 1577 1566 1479 1377 1268 1185 1248 1366 1517 1625 1712 1836 1664 1471 1387 1198 1021 863 794 577 624 720 833 871 924 959 1073 1115 1156 1260 1286 1428 1486 1519 1611 1666 1677 1783 1818 1880 1962 2052 2088 2165 2075 2004 1868 1717 1680 1536 1423 1367 1254 1095 1234 1329 1453 1548 1712 1811 1677 1534 1349 1207 1032 873 721 ]
