n = 10 ; 
T = 96 ; 
Init = [ 0 0 1 0 0 1 1 1 0 1 ]
L = [ 10 11 12 13 7 5 18 11 4 15 ]
l = [ 10 11 12 13 7 5 18 11 4 15 ]
Pmin = [ 216 221 227 240 113 59 395 202 49 315 ]
Pmax = [ 216 221 227 240 113 59 395 202 49 315 ]
cf = [ 43.8973 68.116 48.5994 54.6051 15.7101 69.5621 61.8781 66.5648 31.256 38.5408 ]
c0 = [ 165 170 170 173 108 78 244 167 60 209 ]
cp = [ 34.4863 19.9545 22.0345 28.6494 39.5123 39.3922 11.2449 35.3173 41.2158 19.816 ]
D = [ 297 327 343 433 441 525 566 615 643 715 745 779 864 880 934 1023 1064 1079 1147 1194 1234 1293 1332 1376 1464 1404 1350 1279 1192 1127 1091 1011 993 925 886 957 987 1070 1141 1216 1257 1193 1073 969 873 759 629 525 405 463 493 531 594 610 685 742 781 833 865 894 966 997 1051 1069 1101 1159 1213 1225 1274 1333 1359 1405 1509 1428 1321 1246 1170 1146 1082 1001 925 846 758 848 953 1043 1079 1178 1275 1174 1066 935 820 722 563 501 ]
