n = 10 ; 
T = 96 ; 
Init = [ 1 1 1 0 0 1 0 0 0 1 ]
L = [ 9 15 10 7 6 16 19 9 17 18 ]
l = [ 9 15 10 7 6 16 19 9 17 18 ]
Pmin = [ 164 304 187 136 69 342 414 175 366 410 ]
Pmax = [ 164 304 187 136 69 342 414 175 366 410 ]
cf = [ 15.8311 32.5275 32.9273 59.7126 17.8093 38.2579 32.9443 37.0015 23.4528 8.58355 ]
c0 = [ 139 210 148 127 85 243 250 148 250 250 ]
cp = [ 31.839 17.3367 37.7149 39.9127 36.5146 12.6679 12.6012 22.4947 24.4704 10.8691 ]
D = [ 247 328 383 453 509 627 719 777 811 931 948 1023 1098 1219 1229 1342 1448 1480 1593 1650 1711 1767 1816 1883 2005 1865 1778 1716 1616 1464 1389 1352 1209 1116 991 1120 1187 1369 1398 1513 1656 1476 1353 1259 1127 942 803 705 552 591 634 735 785 864 876 958 973 1046 1083 1188 1233 1296 1364 1402 1476 1470 1548 1664 1672 1708 1829 1875 1908 1839 1740 1668 1536 1511 1374 1330 1201 1136 1049 1100 1243 1297 1460 1560 1630 1536 1362 1183 1095 933 821 663 ]
