n = 10 ; 
T = 96 ; 
Init = [ 0 1 0 1 1 0 1 1 1 0 ]
L = [ 15 16 8 12 5 7 12 20 7 19 ]
l = [ 15 16 8 12 5 7 12 20 7 19 ]
Pmin = [ 338 342 146 229 82 125 231 420 106 417 ]
Pmax = [ 338 342 146 229 82 125 231 420 106 417 ]
cf = [ 67.3756 63.8372 25.9062 29.135 20.2343 66.4867 60.5381 41.7218 19.0874 66.6292 ]
c0 = [ 211 215 124 169 87 112 165 250 113 250 ]
cp = [ 28.4794 12.8968 32.6153 35.4143 37.838 33.4613 27.5616 12.4356 29.2487 13.7419 ]
D = [ 273 330 411 437 486 599 624 686 729 828 904 952 1029 1088 1134 1206 1269 1310 1334 1401 1511 1513 1573 1659 1713 1619 1596 1532 1411 1384 1258 1254 1142 1037 997 1104 1121 1276 1303 1382 1494 1327 1182 1102 932 852 702 533 435 516 530 613 662 685 801 814 864 968 1022 1040 1096 1178 1215 1267 1379 1415 1501 1495 1598 1654 1690 1763 1800 1745 1636 1563 1477 1447 1338 1299 1212 1140 1047 1086 1197 1216 1293 1315 1381 1279 1168 1057 981 848 733 630 ]
