n = 10 ; 
T = 96 ; 
Init = [ 1 1 0 0 0 1 0 0 1 1 ]
L = [ 16 14 17 8 11 6 8 12 17 7 ]
l = [ 16 14 17 8 11 6 8 12 17 7 ]
Pmin = [ 351 273 344 120 219 64 142 259 342 133 ]
Pmax = [ 351 273 344 120 219 64 142 259 342 133 ]
cf = [ 16.2939 18.4426 56.4599 24.205 28.2441 32.7515 26.141 53.9021 31.902 37.8755 ]
c0 = [ 237 200 217 88 143 79 115 172 233 120 ]
cp = [ 14.6708 25.0979 19.153 32.4635 21.2399 37.2127 26.2358 14.9425 12.2614 34.3604 ]
D = [ 328 341 416 493 551 561 622 674 729 786 840 902 994 1036 1104 1118 1209 1280 1264 1316 1392 1457 1501 1534 1649 1584 1519 1461 1355 1337 1280 1210 1151 1039 992 1055 1094 1172 1233 1272 1354 1248 1129 1007 890 785 699 543 462 538 540 611 684 765 792 832 919 939 981 1018 1129 1178 1197 1254 1307 1385 1392 1449 1518 1589 1639 1712 1731 1679 1567 1485 1461 1393 1274 1193 1147 1053 989 1029 1105 1158 1260 1293 1387 1291 1121 1009 908 779 670 569 ]
