n = 10 ; 
T = 96 ; 
Init = [ 0 0 1 0 0 1 0 1 0 0 ]
L = [ 17 10 6 18 12 10 11 6 12 4 ]
l = [ 17 10 6 18 12 10 11 6 12 4 ]
Pmin = [ 365 217 64 403 239 177 194 70 243 36 ]
Pmax = [ 365 217 64 403 239 177 194 70 243 36 ]
cf = [ 58.0939 52.2631 52.5544 60.7125 27.5776 7.83127 27.9018 33.8267 24.3992 12.9645 ]
c0 = [ 250 162 84 250 189 128 144 83 159 69 ]
cp = [ 13.2532 21.7601 39.6225 13.7225 29.8424 34.3846 27.6674 39.4475 29.7772 38.0657 ]
D = [ 268 318 349 395 474 529 578 589 653 690 719 808 812 888 955 1006 1019 1080 1132 1153 1244 1276 1317 1350 1436 1354 1309 1244 1135 1067 998 977 911 825 738 836 888 935 996 1064 1164 1048 999 898 810 716 619 496 393 475 537 560 598 660 640 739 733 820 855 891 893 959 981 1027 1087 1112 1191 1227 1231 1301 1339 1406 1406 1374 1283 1242 1151 1116 1058 966 908 870 760 818 920 932 1047 1102 1160 1056 956 826 746 692 566 505 ]
