n = 10 ; 
T = 96 ; 
Init = [ 0 1 1 1 0 1 0 0 0 0 ]
L = [ 9 8 10 16 20 13 19 19 10 5 ]
l = [ 9 8 10 16 20 13 19 19 10 5 ]
Pmin = [ 139 125 188 339 420 270 403 401 184 63 ]
Pmax = [ 139 125 188 339 420 270 403 401 184 63 ]
cf = [ 34.3384 51.5522 67.3569 10.2373 66.0779 29.4539 59.1145 10.0825 50.7517 69.4378 ]
c0 = [ 127 108 134 245 250 185 246 250 152 73 ]
cp = [ 33.096 32.5525 31.7505 10.635 8.83593 33.766 12.1678 10.3463 34.3804 35.3472 ]
D = [ 316 408 439 505 594 667 756 788 887 955 968 1061 1096 1178 1242 1357 1422 1510 1561 1634 1713 1715 1828 1925 1981 1876 1766 1681 1616 1481 1456 1324 1210 1148 1097 1178 1209 1354 1398 1458 1602 1445 1300 1181 1037 888 729 580 461 487 601 603 692 726 838 880 894 963 1066 1105 1129 1227 1296 1378 1434 1479 1534 1576 1619 1697 1738 1859 1922 1810 1712 1593 1564 1488 1351 1280 1170 1087 1043 1133 1195 1290 1363 1463 1566 1378 1240 1088 1022 893 762 609 ]
