n = 10 ; 
T = 96 ; 
Init = [ 0 1 0 1 0 1 0 1 1 1 ]
L = [ 8 16 17 11 8 12 19 11 19 12 ]
l = [ 8 16 17 11 8 12 19 11 19 12 ]
Pmin = [ 148 328 362 210 151 243 401 229 407 240 ]
Pmax = [ 148 328 362 210 151 243 401 229 407 240 ]
cf = [ 29.6481 48.6929 54.9221 7.18233 53.6931 24.6711 45.8706 19.1923 19.022 19.2257 ]
c0 = [ 118 218 229 162 117 174 250 184 250 175 ]
cp = [ 38.6998 26.0487 17.2096 33.343 36.5363 15.2429 17.5953 31.2631 13.1343 20.4794 ]
D = [ 360 404 506 567 636 708 853 881 953 1062 1116 1157 1259 1337 1464 1514 1595 1657 1716 1820 1858 1967 2009 2100 2209 2073 1932 1838 1746 1610 1506 1471 1304 1227 1178 1219 1353 1494 1581 1713 1796 1608 1545 1402 1218 1114 946 768 642 711 802 795 918 926 1023 1113 1121 1193 1312 1346 1381 1431 1581 1646 1673 1752 1790 1865 1931 1969 2003 2108 2214 2043 1911 1806 1721 1670 1561 1437 1299 1217 1115 1170 1352 1417 1591 1718 1792 1643 1454 1304 1141 946 798 600 ]
