n = 10 ; 
T = 96 ; 
Init = [ 0 1 0 0 1 0 1 1 0 0 ]
L = [ 19 14 8 13 8 19 19 9 11 11 ]
l = [ 19 14 8 13 8 19 19 9 11 11 ]
Pmin = [ 420 297 118 268 142 420 408 177 206 220 ]
Pmax = [ 420 297 118 268 142 420 408 177 206 220 ]
cf = [ 58.5896 19.4944 62.0386 61.7745 68.9591 49.6765 43.6773 13.4137 29.5702 69.0703 ]
c0 = [ 250 211 90 199 112 250 250 147 160 181 ]
cp = [ 10.643 18.0345 38.5917 21.7096 31.6093 10.8576 10.1517 34.6344 33.245 32.4634 ]
D = [ 409 518 595 654 682 773 847 921 970 989 1049 1107 1208 1305 1341 1393 1476 1546 1569 1652 1732 1727 1801 1929 1947 1846 1833 1687 1675 1518 1518 1355 1335 1259 1183 1215 1344 1455 1589 1614 1772 1573 1445 1312 1148 994 940 797 650 701 698 768 883 905 951 1078 1088 1139 1236 1338 1393 1424 1467 1536 1603 1664 1702 1803 1877 1925 2002 2064 2109 2025 1923 1766 1701 1611 1526 1400 1299 1240 1121 1179 1276 1427 1552 1596 1737 1568 1415 1312 1112 1031 844 740 ]
