n = 10 ; 
T = 96 ; 
Init = [ 0 1 1 1 0 0 0 0 0 1 ]
L = [ 18 6 19 9 7 11 19 18 20 19 ]
l = [ 18 6 19 9 7 11 19 18 20 19 ]
Pmin = [ 377 68 401 174 116 230 398 373 420 420 ]
Pmax = [ 377 68 401 174 116 230 398 373 420 420 ]
cf = [ 39.703 63.8719 45.207 56.0295 29.1069 64.3247 28.37 48.8714 22.4638 69.6499 ]
c0 = [ 242 71 250 117 107 163 250 247 250 250 ]
cp = [ 12.9576 39.6984 11.0115 24.3286 34.7297 33.3077 10.24 16.5753 8.36066 12.9823 ]
D = [ 308 384 461 522 652 759 816 940 966 1085 1185 1241 1341 1400 1472 1646 1716 1827 1869 1956 2024 2123 2254 2355 2411 2320 2136 2048 1929 1896 1691 1672 1525 1411 1264 1378 1504 1649 1698 1864 1938 1821 1674 1478 1332 1170 959 794 660 652 713 848 867 950 972 1067 1157 1269 1326 1309 1383 1443 1543 1651 1649 1803 1873 1924 2000 2044 2118 2203 2205 2114 2061 1907 1821 1678 1652 1512 1395 1363 1187 1343 1444 1546 1729 1851 1895 1777 1627 1389 1263 1043 844 751 ]
