n = 10 ; 
T = 96 ; 
Init = [ 0 1 1 0 1 0 1 0 1 0 ]
L = [ 17 9 7 13 5 8 18 17 12 7 ]
l = [ 17 9 7 13 5 8 18 17 12 7 ]
Pmin = [ 347 153 112 243 70 123 368 373 265 138 ]
Pmax = [ 347 153 112 243 70 123 368 373 265 138 ]
cf = [ 16.8363 19.7262 47.3254 62.722 35.7508 11.9377 9.62324 44.8587 36.9974 68.4243 ]
c0 = [ 245 121 93 185 88 117 250 250 176 120 ]
cp = [ 14.979 39.0201 34.575 15.5283 41.3414 32.0443 11.7541 10.2228 23.1542 32.1182 ]
D = [ 296 329 347 451 462 576 600 662 707 809 828 911 969 990 1089 1169 1174 1277 1316 1340 1411 1495 1516 1628 1631 1554 1495 1432 1357 1311 1232 1124 1052 1006 871 976 1062 1116 1225 1298 1325 1207 1119 1031 877 757 692 557 469 478 528 556 655 717 746 802 860 857 917 1005 1015 1106 1133 1197 1249 1275 1291 1412 1389 1504 1509 1553 1642 1578 1465 1390 1343 1282 1189 1122 1020 1001 913 998 1057 1087 1179 1247 1297 1232 1096 1012 916 831 689 596 ]
