n = 10 ; 
T = 96 ; 
Init = [ 1 0 0 0 0 1 1 1 0 0 ]
L = [ 4 14 6 13 17 7 14 8 16 10 ]
l = [ 4 14 6 13 17 7 14 8 16 10 ]
Pmin = [ 48 307 69 270 372 113 308 144 355 218 ]
Pmax = [ 48 307 69 270 372 113 308 144 355 218 ]
cf = [ 38.0754 61.4077 42.9482 40.1171 20.1746 29.3889 21.6313 65.8209 60.9799 8.58677 ]
c0 = [ 64 208 82 187 250 105 215 119 224 165 ]
cp = [ 41.5426 17.3702 37.4839 29.9391 14.1551 35.849 29.4637 31.1172 17.1704 19.3863 ]
D = [ 314 400 479 479 572 609 695 710 796 856 925 979 982 1096 1107 1204 1229 1267 1342 1437 1452 1538 1551 1617 1698 1584 1496 1457 1364 1304 1218 1133 1030 965 898 911 982 1098 1143 1242 1288 1165 1082 968 902 773 626 528 417 466 547 567 612 662 745 739 786 866 912 977 999 1059 1123 1115 1223 1240 1281 1300 1416 1451 1440 1535 1605 1491 1435 1372 1308 1244 1191 1131 1069 977 890 958 1074 1083 1170 1285 1327 1231 1108 942 859 752 605 509 ]
