n = 10 ; 
T = 96 ; 
Init = [ 0 1 0 1 0 0 1 1 1 0 ]
L = [ 19 20 11 18 18 19 18 13 20 19 ]
l = [ 19 20 11 18 18 19 18 13 20 19 ]
Pmin = [ 401 420 209 401 402 420 406 260 420 420 ]
Pmax = [ 401 420 209 401 402 420 406 260 420 420 ]
cf = [ 23.2073 23.7326 19.6714 29.1338 54.8074 54.2953 49.9816 37.9884 27.6014 68.2872 ]
c0 = [ 250 250 154 250 250 250 250 167 250 250 ]
cp = [ 11.3657 12.0108 28.8535 16.4064 10.3304 11.1469 11.7169 21.8841 8.54324 12.913 ]
D = [ 536 629 623 715 908 957 1081 1133 1279 1364 1454 1581 1693 1779 1912 1944 2117 2251 2275 2468 2523 2545 2729 2759 2893 2811 2684 2522 2463 2361 2234 2104 1994 1893 1753 1844 1934 2060 2235 2370 2479 2289 2097 1864 1524 1364 1195 928 656 730 889 883 1080 1194 1247 1325 1428 1468 1553 1672 1823 1873 1956 2107 2072 2164 2299 2434 2561 2557 2715 2775 2830 2732 2677 2497 2318 2184 2172 1994 1842 1765 1623 1705 1911 1993 2196 2280 2444 2308 2087 1845 1667 1437 1255 1085 ]
