n = 10 ; 
T = 96 ; 
Init = [ 0 1 1 0 1 0 0 1 1 1 ]
L = [ 5 13 5 13 11 7 14 20 15 13 ]
l = [ 5 13 5 13 11 7 14 20 15 13 ]
Pmin = [ 75 256 70 274 206 114 288 420 302 258 ]
Pmax = [ 75 256 70 274 206 114 288 420 302 258 ]
cf = [ 23.9115 19.9698 20.2612 50.9985 48.224 41.9311 15.9125 16.894 54.8193 37.5609 ]
c0 = [ 89 192 69 201 152 112 205 250 217 189 ]
cp = [ 40.5435 22.2322 41.0986 23.9269 26.889 35.7772 19.5184 8.24111 30.138 27.944 ]
D = [ 283 306 400 438 469 529 611 701 723 766 834 891 980 1042 1121 1159 1242 1317 1355 1401 1472 1503 1592 1664 1740 1592 1517 1433 1367 1327 1182 1106 1029 991 893 965 1105 1207 1234 1336 1495 1304 1177 1064 949 841 706 540 412 450 534 572 616 698 751 765 857 917 935 997 1041 1109 1142 1192 1265 1304 1343 1429 1471 1527 1555 1618 1670 1612 1513 1414 1379 1254 1247 1116 1051 1003 932 1016 1082 1168 1288 1321 1416 1307 1229 1048 955 859 750 605 ]
