n = 10 ; 
T = 96 ; 
Init = [ 0 0 1 0 0 1 1 0 0 0 ]
L = [ 13 8 6 6 18 5 20 14 18 6 ]
l = [ 13 8 6 6 18 5 20 14 18 6 ]
Pmin = [ 272 131 85 85 390 39 420 278 368 92 ]
Pmax = [ 272 131 85 85 390 39 420 278 368 92 ]
cf = [ 32.3815 16.1248 20.5062 62.8568 59.0985 42.2187 68.3473 52.1211 67.6888 22.1804 ]
c0 = [ 207 117 77 73 250 61 250 202 247 99 ]
cp = [ 26.9046 35.9271 36.693 37.8703 13.1022 41.1622 11.4186 16.9121 11.943 39.3206 ]
D = [ 147 226 283 371 437 477 536 552 665 717 726 826 868 933 963 1033 1059 1141 1216 1220 1297 1354 1386 1446 1520 1452 1379 1314 1277 1210 1118 1088 1043 952 884 991 1027 1105 1241 1265 1408 1224 1157 1014 908 745 616 481 367 427 506 532 582 590 642 687 736 821 884 906 986 1007 1054 1133 1141 1202 1276 1293 1341 1395 1431 1509 1558 1465 1411 1355 1268 1152 1110 1075 971 891 833 881 980 1077 1123 1223 1287 1223 1100 932 841 718 581 520 ]
