n = 10 ; 
T = 96 ; 
Init = [ 0 1 1 0 1 1 1 0 1 1 ]
L = [ 6 9 7 18 19 13 13 16 6 9 ]
l = [ 6 9 7 18 19 13 13 16 6 9 ]
Pmin = [ 73 154 129 408 404 269 286 354 95 172 ]
Pmax = [ 73 154 129 408 404 269 286 354 95 172 ]
cf = [ 26.1965 41.5594 50.6466 8.25104 38.6667 13.6974 63.4589 23.5854 69.5722 29.194 ]
c0 = [ 76 124 119 250 250 190 183 228 76 128 ]
cp = [ 41.329 33.9719 37.6763 12.9039 17.2992 17.0443 21.9096 13.2226 33.6077 36.746 ]
D = [ 354 451 480 544 624 665 742 748 816 911 970 971 1027 1097 1161 1237 1293 1377 1386 1468 1511 1567 1632 1704 1739 1696 1596 1536 1451 1323 1253 1161 1149 1051 965 1056 1099 1192 1309 1362 1415 1346 1231 1094 1037 852 810 675 568 641 685 695 748 810 815 896 968 960 1030 1082 1145 1150 1243 1243 1286 1352 1403 1486 1546 1569 1627 1611 1701 1608 1572 1481 1385 1284 1211 1120 1045 969 918 1014 1117 1189 1241 1369 1463 1320 1156 1048 940 822 666 554 ]
