n = 10 ; 
T = 96 ; 
Init = [ 0 0 0 0 0 0 0 1 1 0 ]
L = [ 13 17 13 5 15 16 18 8 5 9 ]
l = [ 13 17 13 5 15 16 18 8 5 9 ]
Pmin = [ 255 369 268 51 309 362 377 140 54 157 ]
Pmax = [ 255 369 268 51 309 362 377 140 54 157 ]
cf = [ 44.878 48.1508 38.1473 25.2154 50.817 68.157 14.4673 9.76845 38.8678 42.7775 ]
c0 = [ 191 235 188 67 208 250 250 123 68 128 ]
cp = [ 26.3096 10.2965 28.1443 39.9824 21.1442 20.1723 18.3505 32.5252 39.1527 31.4389 ]
D = [ 240 273 349 385 443 533 617 653 705 794 854 956 1002 1027 1075 1198 1263 1316 1347 1396 1481 1534 1595 1674 1763 1689 1595 1484 1449 1392 1286 1189 1102 1009 963 1030 1122 1178 1297 1378 1460 1383 1231 1103 987 899 830 717 552 651 650 684 766 811 887 911 1006 983 1076 1155 1163 1242 1253 1314 1351 1440 1501 1494 1541 1585 1653 1723 1731 1666 1618 1507 1426 1333 1303 1204 1081 1001 964 1041 1124 1203 1334 1383 1468 1343 1201 1102 928 826 660 552 ]
