n = 10 ; 
T = 96 ; 
Init = [ 0 1 1 1 0 0 0 0 0 1 ]
L = [ 8 7 8 19 14 12 12 7 11 5 ]
l = [ 8 7 8 19 14 12 12 7 11 5 ]
Pmin = [ 150 125 123 417 296 229 213 95 236 49 ]
Pmax = [ 150 125 123 417 296 229 213 95 236 49 ]
cf = [ 45.7594 27.4964 28.1144 55.2748 58.0355 13.832 22.472 65.6882 27.7093 69.1009 ]
c0 = [ 120 113 116 250 221 154 154 93 183 81 ]
cp = [ 31.0169 25.9911 31.8994 8.67379 30.8905 29.7918 27.9381 29.1012 24.1083 40.9017 ]
D = [ 179 214 278 346 360 416 511 553 614 648 697 772 819 835 905 963 1026 1078 1076 1165 1220 1236 1334 1370 1409 1374 1312 1224 1160 1117 1030 1001 943 868 795 886 941 976 1058 1123 1202 1056 980 890 769 652 568 459 391 407 486 510 525 578 659 693 718 772 808 820 862 926 989 1003 1023 1088 1116 1152 1242 1281 1297 1370 1366 1329 1280 1192 1125 1065 1026 916 890 827 760 835 851 952 1020 1080 1131 1041 980 879 810 710 580 490 ]
