n = 10 ; 
T = 96 ; 
Init = [ 1 1 0 0 0 0 1 0 0 0 ]
L = [ 10 6 13 19 14 19 19 14 9 19 ]
l = [ 10 6 13 19 14 19 19 14 9 19 ]
Pmin = [ 181 101 265 416 310 416 419 297 190 420 ]
Pmax = [ 181 101 265 416 310 416 419 297 190 420 ]
cf = [ 62.1715 27.5341 29.691 46.1357 13.9394 15.4927 67.9985 50.9651 55.4248 64.9063 ]
c0 = [ 150 76 200 250 232 250 250 195 151 250 ]
cp = [ 31.9684 39.1579 20.3161 10.144 15.2576 10.0434 12.3273 14.7008 29.7228 11.5677 ]
D = [ 408 447 575 596 740 806 826 886 1011 1128 1123 1254 1281 1371 1470 1591 1703 1745 1766 1905 1998 2021 2143 2208 2342 2193 2125 1959 1876 1748 1698 1555 1490 1384 1285 1395 1489 1649 1739 1877 1970 1819 1645 1529 1388 1232 1053 944 710 822 893 943 988 1099 1170 1190 1251 1282 1339 1397 1537 1591 1632 1716 1747 1815 1880 1907 1948 2044 2077 2213 2277 2090 2024 1945 1856 1754 1630 1577 1526 1411 1348 1384 1528 1683 1781 1821 1946 1859 1613 1531 1334 1171 1008 781 ]
