n = 10 ; 
T = 96 ; 
Init = [ 0 0 0 1 0 1 1 1 0 0 ]
L = [ 9 18 10 13 13 18 9 12 15 17 ]
l = [ 9 18 10 13 13 18 9 12 15 17 ]
Pmin = [ 172 394 203 270 268 393 196 230 316 361 ]
Pmax = [ 172 394 203 270 268 393 196 230 316 361 ]
cf = [ 29.4284 69.4594 31.8424 14.3748 51.9583 16.9448 57.6352 49.6276 26.4676 25.8619 ]
c0 = [ 133 244 153 178 181 250 145 170 205 236 ]
cp = [ 34.2118 11.9567 27.5023 27.1059 24.2961 13.9739 34.2967 25.7572 17.5082 10.2435 ]
D = [ 213 371 429 490 554 648 689 805 846 947 1050 1130 1187 1263 1385 1431 1537 1624 1708 1788 1836 1963 2008 2044 2136 2102 1938 1909 1773 1701 1612 1500 1410 1300 1265 1366 1478 1517 1654 1823 1884 1770 1569 1429 1215 1055 978 790 650 645 759 817 838 922 938 1079 1073 1168 1217 1292 1352 1388 1462 1544 1604 1638 1763 1774 1864 1914 1967 2058 2096 1974 1928 1811 1757 1687 1611 1492 1356 1332 1210 1313 1399 1513 1598 1713 1861 1679 1553 1349 1238 1028 845 733 ]
