n = 10 ; 
T = 96 ; 
Init = [ 0 0 0 1 1 0 1 0 1 0 ]
L = [ 10 6 12 12 5 13 11 16 5 16 ]
l = [ 10 6 12 12 5 13 11 16 5 16 ]
Pmin = [ 190 74 223 239 49 287 214 356 63 330 ]
Pmax = [ 190 74 223 239 49 287 214 356 63 330 ]
cf = [ 49.7678 58.5499 28.9903 50.5795 36.9533 50.1848 36.0223 15.495 29.939 49.1527 ]
c0 = [ 156 83 161 179 63 200 153 236 85 228 ]
cp = [ 32.518 39.2188 33.045 20.5878 41.0884 15.1159 31.5036 9.03158 40.1488 20.8348 ]
D = [ 262 282 336 368 447 500 596 636 696 728 816 826 894 971 1020 1078 1115 1172 1200 1259 1302 1410 1455 1476 1533 1475 1422 1323 1296 1206 1166 1088 1029 921 887 922 1013 1090 1175 1205 1259 1199 1073 961 856 723 614 491 371 423 502 542 610 657 671 716 791 862 917 950 988 1010 1067 1114 1220 1238 1272 1361 1364 1463 1492 1540 1574 1533 1438 1391 1274 1215 1128 1059 1003 945 867 902 982 1007 1105 1143 1257 1125 1045 912 818 745 611 507 ]
