n = 10 ; 
T = 96 ; 
Init = [ 0 0 0 0 1 0 0 0 0 0 ]
L = [ 11 6 12 18 13 11 13 15 17 12 ]
l = [ 11 6 12 18 13 11 13 15 17 12 ]
Pmin = [ 240 100 223 414 286 207 297 299 376 246 ]
Pmax = [ 240 100 223 414 286 207 297 299 376 246 ]
cf = [ 59.4591 69.0252 48.8569 11.1469 56.1937 30.7829 49.1247 56.0458 52.3459 26.4985 ]
c0 = [ 158 92 158 250 209 151 198 190 237 186 ]
cp = [ 22.5361 36.9743 19.1896 10.3798 35.399 37.9911 15.6682 17.3931 23.6582 26.9613 ]
D = [ 358 458 493 601 711 756 845 879 931 1032 1087 1162 1280 1311 1398 1501 1517 1617 1691 1744 1818 1946 2025 2110 2142 2014 1958 1835 1791 1661 1527 1443 1339 1258 1207 1245 1330 1489 1579 1642 1738 1656 1478 1376 1160 1086 922 740 602 679 732 798 824 940 968 1051 1129 1169 1244 1247 1332 1437 1426 1481 1576 1620 1672 1738 1840 1843 1928 2009 2083 1974 1812 1801 1633 1569 1501 1372 1233 1159 1126 1170 1278 1429 1587 1714 1754 1654 1450 1332 1186 1002 879 677 ]
