n = 10 ; 
T = 96 ; 
Init = [ 0 0 0 0 0 0 0 1 1 1 ]
L = [ 11 16 13 9 7 7 18 13 16 13 ]
l = [ 11 16 13 9 7 7 18 13 16 13 ]
Pmin = [ 214 351 236 176 140 143 381 279 350 248 ]
Pmax = [ 214 351 236 176 140 143 381 279 350 248 ]
cf = [ 7.2759 25.2277 17.6414 12.3856 10.4328 7.56838 68.2341 46.0869 48.98 61.1768 ]
c0 = [ 162 242 169 117 124 132 250 201 243 172 ]
cp = [ 29.1736 16.237 19.6939 38.4083 39.47 37.4069 10.6832 29.9682 19.5285 15.0025 ]
D = [ 394 434 502 585 604 670 771 811 933 981 1070 1139 1184 1232 1333 1408 1440 1565 1630 1654 1778 1839 1860 1953 2018 1885 1795 1724 1602 1490 1435 1290 1234 1093 1048 1127 1167 1255 1389 1483 1549 1402 1279 1104 1021 844 762 640 464 532 629 664 742 783 882 948 950 1090 1114 1161 1272 1289 1377 1405 1472 1569 1663 1715 1734 1786 1886 1946 2047 1913 1827 1728 1646 1540 1478 1398 1296 1180 1071 1159 1283 1299 1389 1450 1542 1455 1278 1196 976 908 704 573 ]
