n = 10 ; 
T = 96 ; 
Init = [ 0 1 1 1 0 0 0 0 0 1 ]
L = [ 19 5 6 16 7 7 9 17 5 19 ]
l = [ 19 5 6 16 7 7 9 17 5 19 ]
Pmin = [ 402 80 78 333 119 127 161 374 61 420 ]
Pmax = [ 402 80 78 333 119 127 161 374 61 420 ]
cf = [ 24.9658 55.1969 62.999 39.9329 25.3059 31.2127 22.448 65.6945 11.6637 42.6457 ]
c0 = [ 250 95 74 225 107 118 141 250 81 250 ]
cp = [ 9.25484 40.7339 35.8892 14.8887 23.2612 27.8311 25.9178 17.3424 34.7515 10.4037 ]
D = [ 312 375 402 450 510 529 627 661 683 772 850 897 922 972 1017 1080 1144 1153 1224 1263 1325 1403 1432 1473 1491 1439 1380 1344 1250 1208 1139 1095 996 973 857 980 1068 1141 1178 1308 1350 1210 1131 1014 873 720 614 487 361 409 422 516 570 610 675 681 717 802 842 850 952 967 1054 1081 1124 1192 1182 1280 1325 1323 1406 1423 1510 1407 1379 1322 1206 1188 1129 1048 961 867 833 884 985 1032 1111 1131 1214 1131 1025 937 891 755 716 595 ]
