n = 10 ; 
T = 96 ; 
Init = [ 0 1 0 0 0 1 1 0 0 1 ]
L = [ 4 9 6 9 10 8 19 16 5 6 ]
l = [ 4 9 6 9 10 8 19 16 5 6 ]
Pmin = [ 24 176 78 151 193 149 390 364 41 90 ]
Pmax = [ 24 176 78 151 193 149 390 364 41 90 ]
cf = [ 59.223 63.3771 32.4182 22.3321 14.8904 13.6607 60.5742 18.008 65.9128 60.8631 ]
c0 = [ 41 140 79 111 150 122 250 250 78 93 ]
cp = [ 41.3022 30.121 37.0399 32.4091 18.3247 35.213 9.02156 14.196 39.1106 41.5216 ]
D = [ 212 249 313 309 361 410 437 512 511 569 631 650 720 748 764 820 860 879 961 994 1006 1037 1107 1136 1205 1123 1046 993 970 917 843 773 716 666 603 669 740 775 824 905 958 843 768 715 639 539 451 376 318 327 365 405 444 487 510 553 579 639 683 715 770 774 823 858 908 931 965 1031 1060 1069 1140 1150 1202 1131 1056 1047 974 931 844 798 727 692 598 689 718 770 816 884 959 878 757 715 601 542 447 395 ]
