n = 10 ; 
T = 96 ; 
Init = [ 0 1 1 1 0 0 0 1 1 0 ]
L = [ 7 14 10 9 12 8 9 8 5 13 ]
l = [ 7 14 10 9 12 8 9 8 5 13 ]
Pmin = [ 142 288 171 172 215 140 146 142 60 286 ]
Pmax = [ 142 288 171 172 215 140 146 142 60 286 ]
cf = [ 52.7791 38.8515 33.764 59.9709 13.8852 34.0535 38.7266 30.5263 50.2032 54.2208 ]
c0 = [ 113 193 127 123 169 123 120 117 74 187 ]
cp = [ 34.3134 13.6358 28.6334 31.9816 27.6445 25.186 34.3624 31.6042 36.9455 17.5648 ]
D = [ 183 190 267 315 364 442 446 542 536 604 670 740 777 829 865 929 962 984 1044 1101 1139 1218 1280 1310 1348 1304 1248 1151 1121 1051 969 926 871 818 772 848 893 991 1053 1102 1160 1077 984 926 788 739 637 541 461 482 534 542 568 583 622 695 690 745 765 825 836 862 897 937 1015 1029 1057 1085 1158 1161 1201 1259 1253 1205 1195 1104 1060 1056 994 907 889 845 790 810 913 968 1027 1089 1105 1048 916 806 741 609 504 422 ]
