n = 10 ; 
T = 96 ; 
Init = [ 1 0 1 1 1 1 0 0 1 1 ]
L = [ 5 7 5 16 13 15 16 11 9 6 ]
l = [ 5 7 5 16 13 15 16 11 9 6 ]
Pmin = [ 50 96 86 357 259 313 344 186 142 101 ]
Pmax = [ 50 96 86 357 259 313 344 186 142 101 ]
cf = [ 69.0061 54.88 28.4027 52.3941 51.4778 42.1447 32.7168 24.0141 46.3987 41.8894 ]
c0 = [ 77 97 84 248 172 223 237 131 129 95 ]
cp = [ 39.6739 39.6425 33.5553 19.3315 15.9018 18.7423 15.8478 23.4092 40.1998 32.8506 ]
D = [ 281 339 404 425 468 525 603 657 685 715 750 795 848 907 967 997 1043 1089 1156 1162 1207 1264 1325 1361 1378 1325 1278 1212 1128 1114 1038 945 880 823 768 824 903 941 1005 1067 1153 1059 973 856 776 704 636 555 471 513 511 542 600 658 667 711 755 797 839 889 939 976 981 1008 1048 1117 1169 1201 1206 1292 1329 1348 1388 1333 1269 1187 1162 1112 1017 973 926 854 801 823 882 974 1001 1065 1098 1038 898 852 727 617 496 435 ]
