n = 10 ; 
T = 96 ; 
Init = [ 0 1 1 0 0 0 1 0 0 0 ]
L = [ 10 8 12 16 7 9 9 15 6 11 ]
l = [ 10 8 12 16 7 9 9 15 6 11 ]
Pmin = [ 171 146 226 364 116 193 147 312 86 221 ]
Pmax = [ 171 146 226 364 116 193 147 312 86 221 ]
cf = [ 32.5231 17.4936 29.8325 46.2269 16.4992 50.7574 43.5353 25.0477 23.7506 16.8231 ]
c0 = [ 152 125 165 250 105 156 119 223 88 173 ]
cp = [ 38.188 23.3902 28.5581 23.4051 34.941 23.8165 31.0904 19.7296 37.4034 25.4355 ]
D = [ 274 341 366 465 483 565 605 657 671 737 782 841 866 906 986 985 1076 1140 1151 1195 1228 1275 1375 1390 1435 1349 1293 1240 1200 1118 1037 941 879 839 794 857 942 1043 1110 1226 1281 1218 1089 994 859 762 683 591 437 519 546 564 594 634 680 760 786 805 889 879 919 979 1031 1086 1125 1142 1229 1244 1302 1334 1383 1384 1441 1394 1311 1249 1146 1138 1063 957 925 836 771 861 903 978 1041 1133 1185 1061 1000 885 779 665 563 456 ]
