n = 10 ; 
T = 96 ; 
Init = [ 0 0 1 1 1 1 1 1 1 0 ]
L = [ 16 17 16 6 12 6 17 16 19 7 ]
l = [ 16 17 16 6 12 6 17 16 19 7 ]
Pmin = [ 344 383 330 111 244 73 370 335 420 103 ]
Pmax = [ 344 383 330 111 244 73 370 335 420 103 ]
cf = [ 23.8012 19.6328 56.2504 58.6724 13.2459 23.1829 19.5368 67.1677 62.7261 46.72 ]
c0 = [ 217 248 234 107 176 81 245 223 250 83 ]
cp = [ 15.1364 11.423 18.2251 37.7585 23.1364 35.3516 19.4945 22.8052 17.8957 37.009 ]
D = [ 220 324 365 439 516 626 690 774 838 987 1019 1109 1195 1266 1385 1444 1529 1549 1662 1750 1796 1924 2007 2030 2151 2027 1906 1854 1737 1580 1518 1446 1313 1213 1135 1218 1365 1398 1577 1709 1812 1582 1454 1293 1146 966 877 644 503 579 650 722 782 814 874 973 1047 1048 1119 1197 1317 1357 1378 1511 1524 1565 1687 1719 1790 1817 1952 2000 2003 1909 1813 1764 1694 1575 1493 1360 1345 1179 1147 1208 1273 1409 1413 1490 1564 1461 1347 1273 1147 991 894 718 ]
