n = 10 ; 
T = 96 ; 
Init = [ 0 1 1 1 1 0 0 0 1 0 ]
L = [ 11 8 11 15 16 7 5 9 12 8 ]
l = [ 11 8 11 15 16 7 5 9 12 8 ]
Pmin = [ 232 151 222 292 326 104 76 155 242 124 ]
Pmax = [ 232 151 222 292 326 104 76 155 242 124 ]
cf = [ 34.8285 69.8711 34.5772 15.8669 21.7419 45.8716 16.3211 55.4613 56.7105 60.5918 ]
c0 = [ 160 129 156 206 234 85 79 112 156 116 ]
cp = [ 35.7457 35.205 19.1886 23.2736 24.7023 38.8423 33.9397 29.3587 33.0486 38.797 ]
D = [ 309 358 405 443 498 513 579 654 679 732 785 820 841 875 959 954 1036 1091 1115 1178 1175 1223 1320 1358 1407 1340 1282 1187 1141 1113 1023 984 898 873 765 874 877 976 1051 1100 1143 1075 962 894 815 677 624 519 408 491 497 592 613 648 692 745 813 815 904 944 961 1033 1079 1133 1155 1188 1224 1269 1342 1402 1395 1484 1517 1441 1375 1305 1234 1149 1036 1021 911 822 793 863 904 950 1027 1091 1158 1050 943 880 736 629 576 473 ]
