n = 10 ; 
T = 96 ; 
Init = [ 0 0 1 0 0 1 0 1 1 0 ]
L = [ 19 14 6 12 4 13 15 19 11 14 ]
l = [ 19 14 6 12 4 13 15 19 11 14 ]
Pmin = [ 420 285 95 248 34 279 317 420 213 306 ]
Pmax = [ 420 285 95 248 34 279 317 420 213 306 ]
cf = [ 39.7951 22.5999 65.1228 10.0129 57.635 20.1112 61.5479 27.7436 14.1238 32.4537 ]
c0 = [ 250 202 97 180 78 203 209 250 153 216 ]
cp = [ 14.6098 35.0893 37.2527 32.675 41.8932 21.4239 18.1419 9.40411 19.8143 17.8164 ]
D = [ 209 286 408 449 547 617 684 797 796 908 1020 1019 1163 1176 1276 1343 1447 1523 1561 1676 1731 1804 1889 1984 2039 1977 1872 1768 1625 1560 1421 1349 1286 1194 1088 1151 1243 1320 1420 1526 1638 1456 1342 1204 1048 958 812 685 476 592 678 667 774 854 885 936 1062 1118 1204 1247 1294 1350 1393 1511 1574 1630 1680 1788 1780 1920 1923 2053 2097 1956 1892 1824 1736 1614 1499 1474 1315 1221 1207 1259 1348 1381 1507 1568 1592 1528 1358 1242 1080 976 825 661 ]
