n = 10 ; 
T = 96 ; 
Init = [ 1 0 1 0 0 1 1 0 0 1 ]
L = [ 20 11 10 17 8 17 4 12 10 4 ]
l = [ 20 11 10 17 8 17 4 12 10 4 ]
Pmin = [ 420 209 172 347 150 374 51 250 189 55 ]
Pmax = [ 420 209 172 347 150 374 51 250 189 55 ]
cf = [ 60.0788 21.1001 41.994 60.9965 38.0803 22.8518 50.9738 69.9412 56.6832 60.8707 ]
c0 = [ 250 164 133 228 116 235 66 188 163 62 ]
cp = [ 8.72983 14.6183 30.5148 10.7035 17.7031 18.2899 40.888 27.9353 32.8992 41.3173 ]
D = [ 311 335 384 434 480 565 596 683 678 728 799 841 923 950 998 1098 1096 1171 1223 1315 1364 1399 1451 1521 1541 1485 1424 1354 1274 1250 1178 1154 1030 1026 928 984 1056 1124 1142 1229 1294 1175 1096 963 891 735 649 595 465 495 578 571 672 673 719 784 845 856 928 974 1019 1093 1155 1141 1251 1273 1341 1361 1405 1441 1489 1551 1602 1510 1425 1376 1298 1248 1197 1133 1065 978 932 980 1054 1141 1207 1223 1345 1197 1117 998 949 812 704 645 ]
