n = 10 ; 
T = 96 ; 
Init = [ 0 0 1 0 1 0 1 0 1 0 ]
L = [ 16 18 7 15 10 15 10 11 15 18 ]
l = [ 16 18 7 15 10 15 10 11 15 18 ]
Pmin = [ 324 408 111 304 187 297 190 202 298 420 ]
Pmax = [ 324 408 111 304 187 297 190 202 298 420 ]
cf = [ 43.7143 58.0778 58.5325 18.2043 9.97403 34.803 21.6299 42.5204 65.5828 30.1317 ]
c0 = [ 223 250 103 206 137 207 140 148 208 250 ]
cp = [ 17.7408 16.7212 36.2617 24.6283 32.7803 17.1484 37.4958 24.2673 25.2929 9.7602 ]
D = [ 348 425 539 540 625 686 826 899 987 1026 1089 1151 1286 1329 1412 1497 1514 1618 1704 1755 1847 1876 2001 2030 2187 2085 1953 1836 1735 1631 1593 1485 1381 1290 1109 1216 1312 1489 1594 1703 1751 1595 1440 1298 1203 1056 832 680 526 589 713 699 822 835 912 936 1011 1079 1192 1182 1260 1286 1363 1424 1547 1539 1639 1663 1742 1757 1834 1916 1948 1886 1863 1787 1698 1631 1539 1473 1317 1290 1245 1333 1442 1503 1649 1681 1844 1692 1491 1321 1230 1046 879 759 ]
