n = 10 ; 
T = 96 ; 
Init = [ 1 1 1 1 1 0 0 1 0 0 ]
L = [ 6 11 8 15 10 19 11 17 13 7 ]
l = [ 6 11 8 15 10 19 11 17 13 7 ]
Pmin = [ 80 209 139 307 206 420 199 366 267 120 ]
Pmax = [ 80 209 139 307 206 420 199 366 267 120 ]
cf = [ 18.9844 29.3178 28.9997 37.2366 44.6615 12.7826 27.1448 54.1052 41.7955 66.0717 ]
c0 = [ 101 164 126 210 165 250 139 250 179 99 ]
cp = [ 40.3396 29.0822 31.1226 20.5253 35.1482 13.2602 33.761 15.4488 18.8502 34.9073 ]
D = [ 287 313 388 436 519 527 592 651 682 781 862 882 953 1022 1057 1123 1129 1252 1242 1333 1389 1416 1525 1538 1626 1564 1491 1379 1345 1289 1187 1122 1036 1028 955 1033 1039 1112 1193 1249 1365 1223 1147 1030 976 804 696 592 514 595 653 643 718 808 831 842 898 999 992 1032 1126 1129 1181 1279 1293 1333 1401 1452 1519 1573 1598 1673 1722 1617 1560 1485 1414 1280 1182 1122 1095 1007 887 969 1081 1093 1213 1255 1395 1270 1115 1036 940 788 682 552 ]
