n = 10 ; 
T = 96 ; 
Init = [ 1 0 0 1 1 1 0 1 1 0 ]
L = [ 12 10 12 13 5 19 15 12 15 20 ]
l = [ 12 10 12 13 5 19 15 12 15 20 ]
Pmin = [ 225 180 234 251 62 386 303 226 304 416 ]
Pmax = [ 225 180 234 251 62 386 303 226 304 416 ]
cf = [ 25.9472 15.7354 25.0409 51.7129 31.5013 46.2732 53.2765 31.5971 53.8459 62.3537 ]
c0 = [ 153 139 162 178 70 250 211 175 198 250 ]
cp = [ 12.6976 22.7275 30.0661 20.7433 40.012 15.7277 18.836 31.3506 17.927 8.45541 ]
D = [ 338 404 434 508 573 673 752 857 902 1002 1076 1082 1171 1293 1308 1366 1450 1537 1609 1729 1788 1793 1923 1953 2075 1967 1881 1799 1700 1605 1485 1411 1310 1234 1163 1225 1348 1369 1464 1560 1608 1476 1363 1197 1027 857 764 605 429 513 612 664 667 773 817 902 979 1040 1028 1120 1200 1256 1303 1409 1392 1454 1527 1612 1709 1764 1828 1903 1927 1831 1748 1676 1531 1515 1430 1292 1213 1165 1018 1141 1226 1324 1385 1485 1582 1444 1276 1179 1035 939 801 665 ]
