n = 10 ; 
T = 96 ; 
Init = [ 0 1 0 0 0 1 0 0 1 0 ]
L = [ 7 11 16 11 11 6 10 11 19 17 ]
l = [ 7 11 16 11 11 6 10 11 19 17 ]
Pmin = [ 119 204 350 217 195 70 180 204 401 348 ]
Pmax = [ 119 204 350 217 195 70 180 204 401 348 ]
cf = [ 14.4701 36.9491 39.9946 58.961 54.5178 46.8237 12.7413 26.639 68.9258 24.8324 ]
c0 = [ 115 162 227 160 150 79 140 162 243 221 ]
cp = [ 34.7287 34.2221 18.3902 29.4831 19.4318 39.6956 22.3415 30.9391 12.6007 22.0457 ]
D = [ 272 358 386 489 553 604 671 724 742 862 867 918 1042 1051 1107 1231 1245 1328 1380 1417 1495 1538 1609 1704 1722 1673 1559 1509 1420 1374 1288 1214 1118 998 965 1027 1052 1180 1233 1289 1400 1294 1161 1080 996 858 764 633 557 566 625 664 717 808 839 851 939 977 1051 1099 1112 1173 1247 1239 1279 1335 1439 1477 1505 1557 1615 1610 1671 1575 1506 1440 1368 1303 1217 1104 1075 1001 879 1010 1060 1154 1174 1264 1348 1280 1106 1041 911 763 718 580 ]
