n = 10 ; 
T = 96 ; 
Init = [ 1 1 0 1 0 1 0 1 0 0 ]
L = [ 7 16 16 14 17 18 11 6 18 8 ]
l = [ 7 16 16 14 17 18 11 6 18 8 ]
Pmin = [ 130 339 345 299 368 389 200 69 394 158 ]
Pmax = [ 130 339 345 299 368 389 200 69 394 158 ]
cf = [ 51.7648 18.4122 51.6665 10.7921 67.2776 29.637 54.067 27.0816 41.0798 36.6246 ]
c0 = [ 112 227 216 201 250 246 166 72 250 131 ]
cp = [ 31.6957 12.8637 15.5227 21.5963 14.2757 13.0021 17.4684 31.5311 19.86 28.3801 ]
D = [ 296 327 427 465 591 617 697 761 847 945 977 1104 1149 1226 1269 1325 1422 1508 1612 1649 1726 1775 1848 1978 2047 1950 1881 1724 1683 1551 1448 1415 1333 1255 1094 1267 1344 1484 1555 1736 1809 1646 1504 1265 1105 932 766 629 422 552 619 668 726 818 823 931 916 978 1093 1182 1171 1254 1306 1414 1454 1481 1548 1687 1741 1738 1795 1939 1939 1891 1814 1710 1658 1593 1498 1440 1351 1260 1190 1242 1327 1437 1535 1542 1652 1517 1358 1294 1179 1010 898 761 ]
