n = 10 ; 
T = 96 ; 
Init = [ 0 1 0 1 1 0 1 1 0 1 ]
L = [ 13 8 7 12 7 8 6 18 5 10 ]
l = [ 13 8 7 12 7 8 6 18 5 10 ]
Pmin = [ 280 149 97 234 106 145 71 378 49 173 ]
Pmax = [ 280 149 97 234 106 145 71 378 49 173 ]
cf = [ 64.1471 41.7126 67.7552 69.8114 60.1001 67.8994 36.0705 9.60673 15.7196 40.331 ]
c0 = [ 209 125 98 169 98 109 77 246 62 137 ]
cp = [ 21.453 32.3073 37.0288 26.554 26.6907 34.3861 34.9643 16.6313 38.962 25.1857 ]
D = [ 141 206 243 293 338 352 417 459 521 524 559 618 685 709 729 782 833 887 909 961 1008 1036 1114 1139 1173 1125 1090 1015 962 918 879 825 802 706 659 733 756 826 847 888 970 865 804 739 667 583 528 411 344 416 424 462 496 532 568 608 655 688 702 756 740 784 816 876 897 925 970 1011 1052 1054 1096 1127 1148 1110 1053 982 964 911 824 806 740 679 614 656 706 752 800 863 908 859 760 676 638 536 479 376 ]
