n = 10 ; 
T = 96 ; 
Init = [ 1 0 0 1 1 1 0 0 1 1 ]
L = [ 13 12 13 6 16 12 7 17 8 11 ]
l = [ 13 12 13 6 16 12 7 17 8 11 ]
Pmin = [ 254 257 254 110 331 227 129 337 146 226 ]
Pmax = [ 254 257 254 110 331 227 129 337 146 226 ]
cf = [ 50.7997 59.9069 64.7662 16.141 48.02 18.3043 17.9428 43.1911 21.5215 46.4644 ]
c0 = [ 182 187 200 116 218 178 114 214 122 153 ]
cp = [ 20.8185 14.0542 28.9096 38.7287 19.4504 25.6769 36.756 15.5008 30.7461 20.5994 ]
D = [ 215 273 347 376 445 565 599 639 764 789 846 964 1013 1050 1124 1239 1308 1392 1437 1523 1569 1655 1663 1740 1799 1755 1627 1524 1476 1349 1314 1175 1116 1009 909 1044 1105 1241 1348 1389 1482 1436 1308 1163 1009 963 789 713 592 641 696 716 807 851 837 893 994 1010 1100 1109 1194 1241 1287 1330 1383 1446 1481 1529 1582 1590 1680 1728 1757 1688 1625 1528 1442 1370 1288 1202 1130 1053 1015 1062 1212 1265 1319 1444 1465 1355 1236 1167 978 856 780 672 ]
