n = 10 ; 
T = 96 ; 
Init = [ 1 1 0 0 1 1 1 1 1 1 ]
L = [ 10 19 20 14 7 18 5 15 16 18 ]
l = [ 10 19 20 14 7 18 5 15 16 18 ]
Pmin = [ 194 420 418 278 113 404 57 343 346 404 ]
Pmax = [ 194 420 418 278 113 404 57 343 346 404 ]
cf = [ 23.0901 19.4889 47.3391 34.7931 47.5412 60.0627 13.3428 64.704 55.2821 49.5528 ]
c0 = [ 156 250 250 194 113 249 55 227 250 250 ]
cp = [ 24.5219 13.7035 9.25943 22.1852 33.0923 18.6651 34.3333 10.8348 15.3228 16.0589 ]
D = [ 395 552 541 706 790 791 888 957 1042 1203 1273 1303 1360 1434 1533 1686 1702 1795 1891 1989 2000 2117 2241 2233 2335 2264 2172 2092 1893 1830 1776 1597 1507 1464 1267 1408 1512 1661 1790 1899 2026 1846 1707 1513 1326 1205 981 831 622 705 801 890 884 1005 1000 1139 1209 1231 1283 1414 1448 1518 1632 1692 1770 1767 1935 1907 2045 2093 2157 2248 2351 2161 2039 1933 1889 1766 1665 1503 1393 1319 1175 1321 1424 1536 1649 1854 1919 1733 1617 1466 1281 1106 945 768 ]
