n = 10 ; 
T = 96 ; 
Init = [ 0 1 1 1 0 1 1 1 0 1 ]
L = [ 5 16 6 18 12 12 12 17 13 14 ]
l = [ 5 16 6 18 12 12 12 17 13 14 ]
Pmin = [ 61 346 96 363 252 233 262 345 252 306 ]
Pmax = [ 61 346 96 363 252 233 262 345 252 306 ]
cf = [ 43.3665 37.0062 9.77339 12.3614 40.8571 42.5459 19.7123 38.7258 53.3547 41.5505 ]
c0 = [ 65 247 89 244 173 158 195 249 166 201 ]
cp = [ 40.377 15.2752 28.6809 14.7659 17.0952 21.4156 20.3226 15.5036 33.5309 20.5757 ]
D = [ 278 372 403 478 586 633 727 787 817 905 961 1041 1062 1150 1264 1288 1402 1421 1494 1611 1670 1744 1744 1829 1924 1846 1768 1666 1630 1475 1446 1330 1289 1223 1115 1182 1250 1321 1381 1498 1590 1431 1267 1191 1053 850 730 638 508 543 568 652 689 777 818 867 919 1010 1097 1078 1140 1220 1281 1341 1407 1425 1502 1543 1617 1665 1788 1792 1855 1797 1721 1668 1529 1500 1387 1358 1221 1161 1073 1167 1216 1364 1449 1494 1589 1486 1323 1206 1126 967 851 694 ]
