n = 10 ; 
T = 96 ; 
Init = [ 1 1 0 1 0 0 0 0 0 1 ]
L = [ 10 19 6 15 7 7 17 10 8 19 ]
l = [ 10 19 6 15 7 7 17 10 8 19 ]
Pmin = [ 194 394 95 301 110 99 382 199 131 420 ]
Pmax = [ 194 394 95 301 110 99 382 199 131 420 ]
cf = [ 66.7763 58.7721 59.9902 27.081 64.3486 16.0412 31.4547 49.7322 9.12232 59.5083 ]
c0 = [ 160 241 108 224 102 101 240 130 112 250 ]
cp = [ 33.8202 15.2876 32.0966 15.7315 29.9859 38.5075 10.0319 23.3031 33.66 12.2077 ]
D = [ 286 405 404 467 574 625 698 686 780 859 920 944 1047 1098 1126 1200 1272 1290 1365 1397 1461 1554 1604 1690 1734 1636 1573 1503 1412 1397 1271 1207 1176 1067 1006 1104 1143 1252 1355 1429 1482 1387 1226 1123 1020 904 816 649 568 609 645 737 789 828 826 936 923 1006 1082 1110 1129 1220 1279 1324 1359 1409 1424 1481 1562 1591 1661 1668 1724 1687 1596 1487 1449 1323 1215 1167 1109 988 905 1026 1070 1188 1293 1351 1502 1333 1219 1038 910 805 696 553 ]
