n = 10 ; 
T = 96 ; 
Init = [ 0 1 1 0 0 0 1 1 1 0 ]
L = [ 19 13 18 14 9 14 16 13 9 14 ]
l = [ 19 13 18 14 9 14 16 13 9 14 ]
Pmin = [ 407 268 409 306 158 296 336 245 158 260 ]
Pmax = [ 407 268 409 306 158 296 336 245 158 260 ]
cf = [ 29.8964 16.596 66.6536 8.95531 11.8752 25.4633 41.7356 56.2608 39.2896 49.0588 ]
c0 = [ 250 202 250 209 136 198 227 189 109 196 ]
cp = [ 11.2461 20.0055 8.8159 29.5878 18.8526 20.7825 24.4333 17.2941 28.0184 15.866 ]
D = [ 481 550 618 685 782 836 929 995 1078 1121 1214 1269 1363 1423 1501 1552 1684 1741 1772 1913 1974 2026 2094 2178 2204 2109 2030 1945 1841 1696 1621 1519 1465 1286 1175 1362 1477 1604 1684 1806 1901 1718 1539 1372 1272 1095 904 764 634 661 681 736 885 922 976 985 1050 1106 1165 1251 1299 1429 1417 1476 1572 1664 1702 1781 1859 1895 1942 2008 2116 2040 1929 1820 1737 1679 1576 1478 1385 1336 1231 1297 1392 1448 1558 1656 1705 1587 1485 1295 1149 1069 876 763 ]
