n = 10 ; 
T = 96 ; 
Init = [ 1 1 1 0 0 0 1 0 0 1 ]
L = [ 9 12 19 14 6 9 10 16 9 11 ]
l = [ 9 12 19 14 6 9 10 16 9 11 ]
Pmin = [ 173 237 420 289 98 163 193 344 191 217 ]
Pmax = [ 173 237 420 289 98 163 193 344 191 217 ]
cf = [ 55.0284 25.9929 16.5187 51.003 53.777 45.2145 22.1982 11.4221 67.3451 21.7735 ]
c0 = [ 135 183 250 203 108 146 163 212 147 165 ]
cp = [ 28.5917 29.0609 10.5883 16.3587 37.4126 28.6368 32.1081 11.6666 37.345 23.27 ]
D = [ 281 284 402 461 474 561 629 705 695 749 871 938 983 1057 1107 1117 1216 1231 1306 1370 1465 1530 1566 1647 1704 1625 1501 1472 1398 1290 1231 1153 1065 990 911 1032 1086 1195 1333 1395 1499 1384 1214 1065 964 785 663 526 392 415 503 538 591 653 691 790 795 832 920 1003 1040 1071 1107 1153 1220 1294 1342 1357 1399 1513 1566 1566 1621 1557 1505 1474 1341 1314 1247 1174 1119 1012 998 1090 1140 1183 1322 1401 1429 1332 1247 1141 1023 846 733 631 ]
