n = 10 ; 
T = 96 ; 
Init = [ 1 1 0 1 0 0 0 0 0 1 ]
L = [ 6 5 12 10 14 16 7 10 16 14 ]
l = [ 6 5 12 10 14 16 7 10 16 14 ]
Pmin = [ 80 72 256 211 276 348 111 203 341 262 ]
Pmax = [ 80 72 256 211 276 348 111 203 341 262 ]
cf = [ 46.534 36.2488 66.2129 34.9549 23.9988 67.472 12.9653 32.7773 51.6819 48.1104 ]
c0 = [ 97 93 176 157 184 242 97 158 228 177 ]
cp = [ 40.4969 37.3285 20.8027 24.6322 28.0404 12.3056 29.0765 27.795 23.2938 25.0042 ]
D = [ 284 337 385 424 481 573 649 713 716 769 841 925 984 993 1054 1116 1211 1261 1284 1344 1453 1455 1524 1584 1679 1612 1528 1420 1343 1279 1212 1164 1094 1018 879 951 1052 1146 1151 1270 1287 1202 1097 1012 877 776 622 525 441 468 564 571 591 652 731 761 831 864 899 969 1010 1050 1080 1148 1198 1207 1298 1300 1386 1429 1478 1500 1571 1519 1426 1376 1266 1225 1114 1103 970 908 857 911 1006 1057 1166 1213 1323 1165 1051 973 881 751 623 533 ]
