n = 10 ; 
T = 96 ; 
Init = [ 0 0 0 0 1 0 0 1 0 1 ]
L = [ 11 6 16 11 11 14 4 19 13 10 ]
l = [ 11 6 16 11 11 14 4 19 13 10 ]
Pmin = [ 232 75 337 238 231 292 59 420 291 197 ]
Pmax = [ 232 75 337 238 231 292 59 420 291 197 ]
cf = [ 25.8907 32.2881 63.7893 60.2955 23.9329 41.7998 41.8793 7.4822 39.9348 37.8177 ]
c0 = [ 175 68 226 179 174 200 89 250 197 159 ]
cp = [ 27.3207 32.4345 19.9141 24.05 30.6776 18.8035 40.4829 9.86638 13.4199 31.1937 ]
D = [ 339 380 478 503 577 630 664 764 817 881 895 1007 1043 1116 1159 1210 1320 1371 1383 1489 1495 1607 1635 1676 1750 1709 1620 1502 1435 1334 1245 1152 1110 981 931 1014 1144 1258 1380 1425 1543 1465 1331 1193 1049 897 828 656 526 629 681 670 769 788 873 955 970 1047 1094 1142 1176 1280 1276 1319 1440 1454 1511 1602 1610 1655 1731 1791 1817 1779 1659 1548 1511 1380 1330 1184 1103 1050 916 991 1092 1256 1281 1420 1528 1388 1207 1137 967 805 724 543 ]
