n = 10 ; 
T = 96 ; 
Init = [ 0 0 0 1 1 1 0 1 0 0 ]
L = [ 7 7 14 11 6 9 13 4 19 8 ]
l = [ 7 7 14 11 6 9 13 4 19 8 ]
Pmin = [ 100 136 292 234 66 165 249 32 414 113 ]
Pmax = [ 100 136 292 234 66 165 249 32 414 113 ]
cf = [ 22.2401 42.3734 31.2754 53.674 37.4609 33.5984 25.8163 61.6 45.9609 68.6532 ]
c0 = [ 90 111 199 155 65 142 172 50 250 96 ]
cp = [ 31.8514 37.5075 19.5203 29.5923 31.9935 39.5901 20.1785 41.7721 10.3937 35.0635 ]
D = [ 271 304 339 371 456 470 500 555 605 630 693 718 757 820 865 914 959 965 1005 1070 1117 1154 1211 1235 1258 1234 1154 1091 1013 956 939 860 795 716 683 728 798 874 931 955 1015 941 850 755 703 559 472 423 305 358 377 424 458 529 557 594 653 663 750 790 826 841 890 941 1007 1018 1067 1094 1162 1206 1217 1287 1335 1227 1160 1103 1060 1022 906 887 805 722 653 753 833 885 980 1022 1097 1017 893 798 691 630 544 406 ]
