n = 10 ; 
T = 96 ; 
Init = [ 1 0 0 1 0 1 0 1 1 0 ]
L = [ 8 17 10 5 13 12 17 14 5 6 ]
l = [ 8 17 10 5 13 12 17 14 5 6 ]
Pmin = [ 139 359 205 38 281 248 368 316 54 107 ]
Pmax = [ 139 359 205 38 281 248 368 316 54 107 ]
cf = [ 48.0753 46.3281 14.4129 43.1221 54.5555 52.7963 14.7136 11.2317 42.3904 23.384 ]
c0 = [ 125 239 149 57 200 177 238 230 89 99 ]
cp = [ 38.0592 15.4433 26.1549 41.2661 25.1351 26.9535 11.1576 19.2156 39.9876 35.4308 ]
D = [ 312 349 404 446 499 583 593 706 753 780 805 908 917 958 1055 1115 1158 1183 1207 1282 1321 1412 1445 1480 1536 1494 1371 1319 1242 1178 1125 1060 982 862 787 929 991 1024 1159 1216 1294 1151 1078 931 847 751 681 520 409 477 505 597 615 664 682 778 776 871 891 912 1005 1021 1027 1076 1151 1207 1257 1295 1313 1391 1450 1478 1522 1412 1379 1319 1245 1183 1102 1046 937 909 831 924 990 1113 1188 1277 1381 1226 1156 1033 920 811 692 540 ]
