n = 10 ; 
T = 96 ; 
Init = [ 0 0 0 0 1 1 1 1 1 1 ]
L = [ 6 4 5 6 16 5 19 10 6 9 ]
l = [ 6 4 5 6 16 5 19 10 6 9 ]
Pmin = [ 82 65 44 90 346 51 409 179 94 177 ]
Pmax = [ 82 65 44 90 346 51 409 179 94 177 ]
cf = [ 38.7489 25.375 67.4458 42.1864 13.2425 57.431 48.6976 46.9929 12.8648 27.2805 ]
c0 = [ 80 92 66 77 226 54 250 130 89 139 ]
cp = [ 30.6557 41.0777 41.5685 39.0599 13.7692 39.3451 11.8351 29.7468 36.3462 26.5131 ]
D = [ 153 222 232 287 290 340 401 436 438 470 530 550 594 641 695 706 728 773 813 863 887 914 958 1025 1028 999 944 920 869 792 779 698 653 614 595 617 692 753 773 859 915 823 758 642 560 512 415 319 235 281 305 360 397 398 448 455 489 550 557 599 643 663 681 732 764 814 822 843 909 928 948 1003 1006 983 914 876 851 810 752 733 661 639 599 608 677 686 715 786 779 735 678 634 579 507 437 381 ]
