n = 10 ; 
T = 96 ; 
Init = [ 1 0 0 0 1 1 1 1 1 1 ]
L = [ 20 18 15 7 10 15 16 6 6 5 ]
l = [ 20 18 15 7 10 15 16 6 6 5 ]
Pmin = [ 420 415 315 113 174 292 314 81 104 75 ]
Pmax = [ 420 415 315 113 174 292 314 81 104 75 ]
cf = [ 50.2774 14.1461 11.6228 29.4387 50.6688 13.8053 35.6273 54.5051 48.2634 14.3695 ]
c0 = [ 250 250 225 102 125 194 197 91 102 72 ]
cp = [ 9.00784 10.0938 21.9259 24.7041 21.8703 17.1837 19.3239 33.4286 38.777 36.7603 ]
D = [ 251 279 340 389 461 567 650 691 744 811 908 958 1009 1099 1101 1212 1270 1303 1411 1490 1549 1613 1643 1725 1781 1700 1643 1520 1432 1396 1285 1176 1104 1065 940 1017 1088 1123 1252 1311 1348 1268 1146 1002 947 838 741 604 529 558 578 654 706 759 828 850 949 989 1020 1085 1157 1202 1278 1322 1360 1433 1453 1515 1572 1628 1665 1717 1781 1728 1610 1516 1445 1361 1318 1194 1161 1010 985 1034 1116 1190 1283 1335 1397 1344 1212 1093 958 847 720 570 ]
