n = 10 ; 
T = 96 ; 
Init = [ 0 0 0 1 1 1 1 0 1 1 ]
L = [ 6 8 10 9 10 18 17 15 12 17 ]
l = [ 6 8 10 9 10 18 17 15 12 17 ]
Pmin = [ 98 129 188 154 202 367 358 294 224 384 ]
Pmax = [ 98 129 188 154 202 367 358 294 224 384 ]
cf = [ 28.5665 18.3693 14.4455 40.3226 22.1487 11.4736 42.5409 32.6389 19.4103 60.7606 ]
c0 = [ 76 116 145 146 166 249 229 203 159 250 ]
cp = [ 35.4922 33.929 26.6827 19.1898 27.6841 21.6545 13.4459 16.6198 32.2671 17.7241 ]
D = [ 223 316 353 394 519 537 590 655 725 780 840 891 1000 1050 1129 1195 1268 1334 1394 1419 1462 1590 1654 1685 1715 1692 1606 1505 1436 1390 1290 1236 1139 1094 1018 1057 1123 1193 1315 1387 1449 1374 1242 1077 989 873 791 632 536 615 645 669 739 826 858 878 942 998 1078 1094 1151 1192 1275 1323 1326 1403 1433 1477 1535 1594 1664 1720 1810 1708 1637 1550 1444 1354 1279 1252 1190 1094 1040 1072 1167 1251 1332 1441 1528 1354 1223 1112 1009 909 794 644 ]
