n = 10 ; 
T = 96 ; 
Init = [ 1 0 1 0 1 1 0 1 0 0 ]
L = [ 13 6 6 20 11 5 6 15 16 9 ]
l = [ 13 6 6 20 11 5 6 15 16 9 ]
Pmin = [ 281 94 91 420 202 60 81 324 330 148 ]
Pmax = [ 281 94 91 420 202 60 81 324 330 148 ]
cf = [ 16.0169 51.8277 46.6859 30.2482 11.0404 52.7256 36.0616 28.2603 39.6266 36.9555 ]
c0 = [ 185 89 83 250 164 85 77 225 227 141 ]
cp = [ 29.0822 28.4432 33.0055 8.0378 28.7245 38.1217 36.9311 13.704 18.2177 34.1098 ]
D = [ 249 288 340 403 469 487 568 587 670 731 720 800 852 895 942 1005 1060 1143 1136 1239 1238 1338 1359 1415 1463 1431 1370 1267 1234 1158 1106 1029 940 888 823 934 970 992 1070 1137 1167 1097 1042 923 844 720 676 536 454 508 516 556 613 646 716 760 804 796 879 869 924 994 1025 1044 1070 1109 1164 1211 1222 1314 1309 1352 1427 1344 1292 1263 1181 1140 1084 1038 948 925 880 929 957 1065 1119 1216 1277 1128 994 888 771 693 566 436 ]
