n = 10 ; 
T = 96 ; 
Init = [ 0 1 1 0 0 0 0 0 0 1 ]
L = [ 5 12 9 14 13 12 12 19 12 11 ]
l = [ 5 12 9 14 13 12 12 19 12 11 ]
Pmin = [ 72 234 167 302 276 251 246 405 222 198 ]
Pmax = [ 72 234 167 302 276 251 246 405 222 198 ]
cf = [ 56.0416 51.4169 10.2295 26.7702 41.912 45.2072 16.26 37.9951 17.0859 29.736 ]
c0 = [ 78 155 135 219 190 163 172 250 164 157 ]
cp = [ 40.7962 25.1559 30.7088 23.8639 18.2644 24.0368 26.8271 8.68092 24.6669 26.0791 ]
D = [ 324 369 493 493 578 646 687 783 828 874 973 1020 1100 1122 1190 1270 1372 1434 1462 1506 1588 1620 1706 1815 1821 1780 1695 1578 1496 1444 1380 1280 1209 1128 1044 1150 1150 1278 1337 1399 1510 1327 1253 1102 958 889 755 572 486 500 577 614 701 743 778 815 873 967 1014 1072 1082 1161 1225 1209 1273 1325 1425 1432 1534 1529 1597 1676 1742 1625 1555 1451 1415 1340 1241 1151 1118 1045 942 1021 1093 1207 1272 1352 1430 1289 1175 1089 897 796 644 544 ]
