n = 10 ; 
T = 96 ; 
Init = [ 0 0 1 0 1 1 1 0 1 0 ]
L = [ 4 12 17 18 13 15 12 9 4 18 ]
l = [ 4 12 17 18 13 15 12 9 4 18 ]
Pmin = [ 58 250 347 407 256 318 249 159 69 383 ]
Pmax = [ 58 250 347 407 256 318 249 159 69 383 ]
cf = [ 64.0888 21.1452 44.7442 65.0913 61.9781 66.3491 25.34 59.1572 29.7417 22.5238 ]
c0 = [ 82 176 231 250 192 200 172 148 72 250 ]
cp = [ 40.8376 17.1739 11.0945 17.7416 35.5254 23.9995 30.7461 25.47 37.2153 16.6643 ]
D = [ 264 382 385 463 515 635 664 770 811 917 945 1015 1055 1142 1261 1256 1337 1399 1509 1533 1675 1707 1761 1864 1941 1834 1712 1677 1547 1517 1399 1324 1261 1162 1099 1187 1224 1372 1414 1509 1612 1480 1358 1215 1019 949 817 633 541 601 679 691 793 836 883 954 1044 1099 1107 1179 1253 1264 1373 1426 1478 1513 1584 1637 1684 1746 1819 1930 1993 1864 1796 1667 1612 1509 1389 1310 1206 1105 1061 1115 1277 1336 1485 1593 1647 1490 1357 1255 1048 965 772 641 ]
