n = 10 ; 
T = 96 ; 
Init = [ 0 0 1 0 1 1 1 0 1 0 ]
L = [ 11 19 13 17 7 12 10 15 7 8 ]
l = [ 11 19 13 17 7 12 10 15 7 8 ]
Pmin = [ 201 412 272 347 126 254 161 301 108 130 ]
Pmax = [ 201 412 272 347 126 254 161 301 108 130 ]
cf = [ 60.1417 13.5129 39.0884 51.9903 17.2341 31.1316 37.746 18.6769 52.4782 46.5253 ]
c0 = [ 146 250 187 231 122 172 124 214 105 112 ]
cp = [ 21.8613 13.3197 30.8662 26.7006 37.7205 25.0605 32.3319 23.5632 30.8695 35.824 ]
D = [ 316 325 387 458 514 550 610 686 731 827 854 937 954 1005 1106 1131 1164 1285 1342 1390 1393 1466 1522 1579 1616 1617 1537 1470 1366 1350 1274 1161 1096 1025 1002 1065 1101 1134 1216 1316 1312 1266 1143 1001 873 794 697 544 439 535 523 594 677 742 777 835 892 956 1017 1070 1104 1165 1194 1275 1281 1348 1440 1436 1492 1554 1610 1699 1700 1662 1566 1527 1439 1386 1301 1238 1151 1077 955 1035 1107 1179 1186 1262 1345 1182 1079 964 886 758 594 544 ]
