n = 10 ; 
T = 96 ; 
Init = [ 1 0 1 1 1 1 1 0 0 1 ]
L = [ 8 10 5 6 4 11 6 16 14 5 ]
l = [ 8 10 5 6 4 11 6 16 14 5 ]
Pmin = [ 143 193 57 88 28 216 116 329 300 40 ]
Pmax = [ 143 193 57 88 28 216 116 329 300 40 ]
cf = [ 35.7717 22.8874 15.7642 59.3426 65.4465 25.6364 41.0931 56.6255 57.4846 36.7284 ]
c0 = [ 121 145 69 86 57 176 103 210 215 50 ]
cp = [ 24.259 21.1238 35.9736 36.5664 41.9482 29.1391 33.3781 14.9275 34.0917 41.6525 ]
D = [ 217 245 299 325 377 407 434 464 478 519 583 623 634 658 719 754 784 788 865 880 936 936 963 1030 1031 1010 969 934 864 809 802 752 690 655 597 632 674 737 768 789 811 771 696 641 590 494 440 384 299 365 377 410 432 452 507 518 530 579 619 640 677 715 741 756 788 798 846 854 901 909 977 991 1009 965 937 887 831 808 727 698 666 615 591 599 683 733 771 838 861 794 736 698 592 532 480 425 ]
