n = 10 ; 
T = 96 ; 
Init = [ 1 0 0 0 0 1 0 1 1 1 ]
L = [ 19 16 15 10 9 5 6 10 17 10 ]
l = [ 19 16 15 10 9 5 6 10 17 10 ]
Pmin = [ 414 348 292 180 156 50 92 166 348 183 ]
Pmax = [ 414 348 292 180 156 50 92 166 348 183 ]
cf = [ 26.8464 66.4101 62.4342 36.7317 10.4479 35.1026 42.1086 51.1249 42.5111 54.4088 ]
c0 = [ 250 229 214 135 133 67 85 135 235 151 ]
cp = [ 14.7718 9.45598 25.4547 33.5275 31.5819 34.6883 38.5362 35.8656 19.9421 29.5911 ]
D = [ 255 296 352 407 474 504 611 663 682 797 841 879 990 994 1077 1167 1201 1257 1342 1419 1446 1486 1571 1608 1711 1594 1524 1487 1388 1269 1242 1137 1070 966 853 938 1021 1100 1176 1216 1276 1169 1092 964 871 744 644 597 445 481 578 616 663 732 753 835 886 956 979 1008 1119 1163 1210 1264 1318 1341 1390 1439 1487 1581 1639 1661 1684 1666 1529 1519 1426 1369 1290 1217 1071 1037 950 1001 1041 1125 1133 1244 1273 1177 1117 984 880 814 682 581 ]
