n = 10 ; 
T = 96 ; 
Init = [ 1 1 0 0 1 0 1 0 1 1 ]
L = [ 11 17 5 8 13 10 8 6 8 5 ]
l = [ 11 17 5 8 13 10 8 6 8 5 ]
Pmin = [ 214 370 77 148 260 210 126 102 137 46 ]
Pmax = [ 214 370 77 148 260 210 126 102 137 46 ]
cf = [ 7.41777 55.78 22.3111 64.0804 23.796 37.6722 62.2593 33.8379 24.1976 37.4585 ]
c0 = [ 145 235 79 129 183 154 122 101 121 72 ]
cp = [ 26.8387 12.4787 40.4257 34.4143 24.6172 30.568 38.7325 33.9081 27.044 40.0534 ]
D = [ 201 271 266 336 371 410 462 454 492 545 586 608 650 689 749 800 804 852 874 913 980 1014 1074 1064 1143 1075 1040 970 915 900 846 787 751 707 628 688 744 832 846 902 952 892 803 727 668 601 485 445 368 404 424 447 495 546 561 588 632 689 727 774 799 846 843 904 912 966 1025 1050 1092 1099 1142 1194 1215 1147 1123 1047 1016 934 853 829 747 702 612 717 757 821 864 964 996 950 863 794 706 633 534 471 ]
