n = 10 ; 
T = 96 ; 
Init = [ 1 0 1 0 0 1 1 0 0 0 ]
L = [ 17 4 11 18 10 13 14 11 5 6 ]
l = [ 17 4 11 18 10 13 14 11 5 6 ]
Pmin = [ 345 55 206 398 219 269 301 226 67 96 ]
Pmax = [ 345 55 206 398 219 269 301 226 67 96 ]
cf = [ 41.188 50.2919 54.402 13.6258 43.5248 51.7235 35.3294 17.9184 51.1548 16.7196 ]
c0 = [ 225 69 145 250 165 185 213 160 82 94 ]
cp = [ 13.7871 41.3893 26.1996 19.8615 25.507 22.1907 29.0887 28.6491 36.5376 38.7173 ]
D = [ 172 285 329 346 429 507 542 568 632 687 774 817 917 930 1031 1086 1141 1181 1241 1322 1324 1393 1455 1509 1544 1508 1427 1335 1257 1233 1139 1054 1015 907 853 915 976 1048 1150 1217 1286 1164 1106 963 869 782 637 540 465 527 531 581 635 690 735 766 871 903 967 965 1016 1067 1121 1168 1245 1291 1332 1394 1417 1493 1496 1539 1578 1545 1473 1431 1359 1234 1170 1134 1094 985 952 974 1071 1091 1167 1250 1254 1175 1037 945 869 737 644 525 ]
