n = 10 ; 
T = 96 ; 
Init = [ 0 1 1 0 0 0 1 0 1 1 ]
L = [ 14 8 8 4 13 13 11 17 7 7 ]
l = [ 14 8 8 4 13 13 11 17 7 7 ]
Pmin = [ 296 125 158 47 260 268 220 366 121 122 ]
Pmax = [ 296 125 158 47 260 268 220 366 121 122 ]
cf = [ 8.05668 29.8673 47.9043 61.0699 60.7264 27.1782 25.0004 25.5429 44.2379 18.1151 ]
c0 = [ 211 98 131 76 179 196 169 241 105 102 ]
cp = [ 16.0909 35.6685 37.2086 39.9866 38.0879 19.3378 26.1321 17.1756 37.0515 37.5647 ]
D = [ 134 187 250 340 371 438 479 533 586 630 711 717 775 815 905 948 972 1085 1082 1185 1232 1259 1295 1344 1390 1347 1269 1211 1192 1096 1066 1001 906 821 795 885 957 997 1087 1161 1256 1129 1040 959 820 704 614 511 414 435 538 577 584 628 712 751 764 848 855 913 970 988 1041 1125 1156 1204 1241 1314 1312 1372 1409 1460 1534 1453 1369 1283 1255 1149 1126 1004 938 906 777 887 940 1065 1103 1187 1285 1155 1058 909 816 725 613 505 ]
