n = 10 ; 
T = 96 ; 
Init = [ 1 1 1 0 1 0 0 1 1 1 ]
L = [ 5 14 13 10 17 6 9 5 11 9 ]
l = [ 5 14 13 10 17 6 9 5 11 9 ]
Pmin = [ 55 276 275 184 371 115 161 63 197 190 ]
Pmax = [ 55 276 275 184 371 115 161 63 197 190 ]
cf = [ 63.5958 51.8184 30.1957 44.8996 54.7002 10.8124 34.3632 31.4824 52.0003 47.3247 ]
c0 = [ 66 194 192 149 242 112 130 82 137 142 ]
cp = [ 41.7273 14.3442 17.2355 26.9046 16.4681 33.0601 26.2816 40.5296 22.6004 30.8743 ]
D = [ 203 243 306 321 389 416 486 515 563 608 662 698 740 781 857 899 915 979 1061 1091 1104 1144 1196 1267 1327 1269 1212 1154 1089 1043 958 892 840 771 734 776 882 942 1026 1073 1191 1058 992 880 802 704 648 540 443 483 539 552 593 651 719 712 745 805 866 889 911 1000 993 1061 1099 1126 1176 1232 1282 1311 1318 1359 1422 1369 1315 1224 1196 1118 1029 972 893 881 797 849 925 999 1066 1134 1227 1079 954 854 754 644 571 469 ]
