n = 10 ; 
T = 96 ; 
Init = [ 1 0 0 0 1 1 0 0 1 1 ]
L = [ 5 4 14 15 12 13 6 17 14 11 ]
l = [ 5 4 14 15 12 13 6 17 14 11 ]
Pmin = [ 57 43 283 324 259 253 73 338 278 198 ]
Pmax = [ 57 43 283 324 259 253 73 338 278 198 ]
cf = [ 19.4001 23.9138 45.0955 20.4475 50.9568 41.2694 48.8702 69.1271 42.2157 62.9142 ]
c0 = [ 75 54 187 221 186 176 75 236 180 133 ]
cp = [ 40.6712 41.4915 25.2013 20.2917 24.1306 27.16 38.7547 14.2794 20.9291 27.5492 ]
D = [ 215 286 357 422 478 473 579 658 660 725 829 888 921 1000 1001 1099 1117 1194 1246 1307 1347 1458 1528 1520 1601 1568 1458 1393 1315 1298 1217 1144 1069 1001 935 988 1059 1101 1176 1262 1311 1185 1096 944 840 764 653 509 415 433 481 545 592 642 696 723 761 809 900 939 989 999 1046 1075 1168 1237 1252 1262 1354 1401 1419 1476 1525 1465 1391 1318 1230 1193 1098 1063 997 904 815 911 1053 1133 1209 1272 1353 1266 1185 1063 940 788 719 571 ]
