n = 10 ; 
T = 96 ; 
Init = [ 1 1 1 1 0 1 1 0 1 1 ]
L = [ 8 5 12 10 19 12 15 10 13 18 ]
l = [ 8 5 12 10 19 12 15 10 13 18 ]
Pmin = [ 125 85 234 171 407 233 327 186 240 380 ]
Pmax = [ 125 85 234 171 407 233 327 186 240 380 ]
cf = [ 49.4931 60.7747 38.099 11.6635 16.8748 9.78357 25.8317 57.8689 44.0755 33.7931 ]
c0 = [ 120 75 170 123 250 162 218 139 177 250 ]
cp = [ 33.6648 37.0025 25.8983 28.0668 10.1423 22.6843 21.8886 30.5201 24.2965 15.1135 ]
D = [ 349 428 467 540 633 657 699 752 802 873 966 1013 1062 1097 1162 1209 1318 1319 1417 1413 1500 1589 1605 1653 1725 1674 1547 1504 1396 1332 1235 1169 1128 1014 965 1051 1153 1258 1341 1437 1478 1379 1249 1144 1024 824 710 644 472 578 579 623 681 796 809 881 898 1002 1032 1092 1146 1249 1241 1310 1405 1401 1499 1543 1616 1655 1707 1785 1837 1735 1708 1602 1500 1453 1355 1293 1217 1144 1070 1158 1227 1273 1377 1486 1580 1452 1281 1168 1089 932 832 712 ]
