n = 10 ; 
T = 96 ; 
Init = [ 0 0 1 0 0 1 1 1 1 0 ]
L = [ 4 18 11 10 9 5 19 7 17 10 ]
l = [ 4 18 11 10 9 5 19 7 17 10 ]
Pmin = [ 63 368 223 178 161 46 410 116 389 167 ]
Pmax = [ 63 368 223 178 161 46 410 116 389 167 ]
cf = [ 69.1085 15.1367 26.1047 39.3015 29.8355 45.7432 45.4257 7.39693 17.7808 41.8083 ]
c0 = [ 83 250 151 130 124 71 250 125 244 126 ]
cp = [ 41.1508 16.9744 34.1562 29.0983 23.1293 36.1249 12.3439 31.442 10.0419 30.6477 ]
D = [ 205 289 309 367 402 450 565 616 627 694 761 845 864 923 961 1033 1088 1136 1220 1289 1327 1360 1429 1493 1538 1436 1417 1323 1249 1162 1117 997 940 858 811 875 929 1015 1075 1152 1250 1151 1017 908 811 729 636 540 409 458 512 563 597 629 679 767 826 829 932 914 1010 1039 1073 1117 1204 1246 1250 1339 1348 1412 1506 1534 1539 1518 1437 1360 1289 1201 1141 1102 1014 959 856 908 991 1112 1204 1297 1373 1260 1163 1027 894 784 711 617 ]
