n = 10 ; 
T = 96 ; 
Init = [ 1 1 1 0 0 0 0 1 1 1 ]
L = [ 4 18 9 6 6 16 14 18 7 13 ]
l = [ 4 18 9 6 6 16 14 18 7 13 ]
Pmin = [ 37 388 185 68 82 341 281 370 116 263 ]
Pmax = [ 37 388 185 68 82 341 281 370 116 263 ]
cf = [ 20.9708 60.3413 34.5228 64.2681 67.3235 10.4454 54.5442 20.9992 18.0435 67.8545 ]
c0 = [ 80 245 143 67 92 233 197 250 114 207 ]
cp = [ 41.0787 13.4078 25.5326 27.9064 40.8736 16.4678 27.7374 17.8419 37.8652 18.621 ]
D = [ 283 314 325 437 467 481 587 586 659 693 769 794 877 969 990 1034 1073 1138 1223 1225 1293 1385 1436 1467 1486 1471 1413 1293 1274 1153 1115 1070 997 917 861 909 1004 1074 1138 1183 1304 1201 1028 919 855 721 603 456 341 446 461 548 593 625 692 683 746 835 892 873 973 1003 1073 1099 1188 1227 1229 1330 1382 1389 1472 1504 1579 1512 1419 1337 1257 1241 1158 1063 1033 916 859 962 1035 1063 1178 1195 1263 1205 1042 981 835 763 609 501 ]
