n = 10 ; 
T = 96 ; 
Init = [ 0 1 0 0 1 0 0 0 1 0 ]
L = [ 6 19 5 9 5 13 4 20 5 11 ]
l = [ 6 19 5 9 5 13 4 20 5 11 ]
Pmin = [ 104 394 63 168 70 277 53 420 49 239 ]
Pmax = [ 104 394 63 168 70 277 53 420 49 239 ]
cf = [ 24.9926 31.8277 45.2746 7.99924 15.1733 14.6349 56.3379 66.8219 59.2251 13.1873 ]
c0 = [ 85 250 98 116 76 202 68 250 62 168 ]
cp = [ 39.2357 11.4302 39.8093 32.0276 35.4542 21.8408 41.9022 10.0033 40.7528 33.2156 ]
D = [ 263 298 342 387 435 490 539 586 622 625 694 729 769 846 843 933 938 998 1044 1071 1138 1183 1248 1268 1306 1229 1184 1128 1084 999 951 898 861 814 761 792 874 947 980 1055 1143 1042 948 815 746 662 519 466 322 389 438 450 529 579 604 655 658 744 758 827 860 899 931 974 983 1025 1093 1154 1199 1231 1262 1319 1361 1275 1201 1151 1092 1011 975 907 852 767 726 765 801 856 906 960 1003 941 825 775 653 584 479 382 ]
