n = 10 ; 
T = 96 ; 
Init = [ 1 0 0 1 0 0 0 0 0 1 ]
L = [ 13 12 16 10 10 11 7 9 9 16 ]
l = [ 13 12 16 10 10 11 7 9 9 16 ]
Pmin = [ 262 256 353 208 185 228 113 182 151 341 ]
Pmax = [ 262 256 353 208 185 228 113 182 151 341 ]
cf = [ 45.6107 23.9408 39.3952 37.3265 11.8403 64.2612 22.2591 31.6827 57.4275 49.4096 ]
c0 = [ 182 179 229 147 150 179 107 127 122 234 ]
cp = [ 23.6282 29.1906 20.0065 29.161 16.3441 33.2083 33.4631 25.081 36.9334 9.72737 ]
D = [ 361 443 466 550 534 664 697 737 786 812 884 928 1032 1048 1079 1176 1258 1262 1301 1380 1431 1457 1561 1623 1681 1580 1536 1478 1389 1349 1294 1239 1150 1064 1039 1082 1121 1201 1229 1340 1393 1255 1095 1014 915 732 617 545 358 464 491 563 613 724 771 769 890 947 997 1020 1117 1149 1228 1265 1342 1394 1423 1484 1575 1646 1654 1762 1840 1755 1608 1535 1448 1341 1310 1196 1136 996 972 991 1070 1199 1235 1376 1426 1328 1155 1041 916 840 705 598 ]
