n = 10 ; 
T = 96 ; 
Init = [ 1 0 1 1 0 1 1 1 1 0 ]
L = [ 15 19 5 8 16 15 16 12 17 19 ]
l = [ 15 19 5 8 16 15 16 12 17 19 ]
Pmin = [ 334 420 77 129 351 328 353 238 365 420 ]
Pmax = [ 334 420 77 129 351 328 353 238 365 420 ]
cf = [ 68.4248 27.0373 49.5398 52.6541 53.6466 25.495 29.5425 31.8556 38.8265 63.94 ]
c0 = [ 217 250 77 112 247 217 248 161 250 250 ]
cp = [ 16.889 12.1136 40.0334 36.1718 18.9764 15.8134 28.1357 19.9691 18.4018 14.6958 ]
D = [ 273 439 536 583 685 752 889 906 1030 1100 1226 1268 1353 1494 1491 1613 1753 1785 1841 1985 2019 2132 2283 2321 2446 2340 2218 2093 2019 1872 1791 1699 1527 1456 1324 1468 1471 1586 1660 1804 1903 1654 1495 1333 1243 994 867 725 510 556 705 723 859 887 940 1036 1091 1263 1295 1387 1431 1517 1626 1696 1766 1825 1904 1997 2065 2150 2217 2308 2330 2242 2121 2077 1969 1867 1754 1587 1558 1415 1293 1449 1590 1673 1848 1968 2043 1872 1705 1549 1284 1150 987 820 ]
