n = 10 ; 
T = 96 ; 
Init = [ 0 1 1 1 1 1 0 0 0 0 ]
L = [ 5 7 11 18 6 6 18 8 20 10 ]
l = [ 5 7 11 18 6 6 18 8 20 10 ]
Pmin = [ 43 117 220 398 85 88 371 135 420 171 ]
Pmax = [ 43 117 220 398 85 88 371 135 420 171 ]
cf = [ 16.5793 26.9722 20.6799 41.9953 12.4197 41.1333 53.9693 27.6418 65.7413 66.5876 ]
c0 = [ 61 105 167 250 88 91 239 112 250 153 ]
cp = [ 39.3226 33.3354 28.5059 20.5076 37.9127 33.0517 12.5288 26.9316 8.24505 32.8082 ]
D = [ 219 310 319 409 423 461 548 586 638 665 704 758 825 867 915 967 1026 1084 1130 1211 1239 1249 1343 1409 1459 1382 1309 1283 1191 1156 1088 1031 972 930 848 940 1009 1021 1102 1173 1228 1132 1041 949 845 752 663 568 443 498 512 552 592 638 707 770 806 810 872 923 967 991 1046 1102 1142 1203 1250 1294 1300 1355 1396 1475 1476 1406 1387 1280 1246 1157 1085 1001 922 885 796 851 952 960 1034 1126 1159 1093 1035 912 826 713 667 577 ]
