n = 10 ; 
T = 96 ; 
Init = [ 1 1 1 1 0 0 1 1 0 1 ]
L = [ 7 17 11 6 12 16 5 18 13 8 ]
l = [ 7 17 11 6 12 16 5 18 13 8 ]
Pmin = [ 118 366 208 110 255 346 63 399 242 132 ]
Pmax = [ 118 366 208 110 255 346 63 399 242 132 ]
cf = [ 12.3998 51.1535 64.8638 14.491 32.0013 62.4688 40.5395 8.90872 29.2891 51.6615 ]
c0 = [ 111 234 154 95 183 225 64 250 166 106 ]
cp = [ 39.3665 16.418 32.3834 37.8577 25.5758 13.2847 39.9807 15.1313 23.794 34.1948 ]
D = [ 245 285 300 360 419 494 566 606 656 757 809 865 943 976 1056 1075 1159 1210 1245 1343 1415 1486 1485 1594 1614 1580 1444 1404 1298 1246 1157 1139 1068 936 919 937 1058 1143 1215 1327 1381 1307 1128 1060 887 803 622 548 409 483 499 547 633 684 699 734 770 841 879 932 987 1029 1113 1166 1192 1226 1318 1323 1378 1455 1486 1510 1605 1496 1437 1335 1318 1234 1138 1079 1020 965 905 951 1040 1088 1192 1269 1339 1179 1077 973 879 739 639 522 ]
