n = 20 ; 
T = 96 ; 
Init = [ 1 1 0 0 0 1 1 0 1 0 1 1 0 0 0 0 1 0 1 0 ]
L = [ 5 8 4 14 11 10 6 5 9 11 17 9 9 12 9 17 11 18 8 10 ]
l = [ 5 8 4 14 11 10 6 5 9 11 17 9 9 12 9 17 11 18 8 10 ]
Pmin = [ 85 148 49 289 241 176 64 63 154 200 361 143 168 230 168 363 208 375 131 187 ]
Pmax = [ 85 148 49 289 241 176 64 63 154 200 361 143 168 230 168 363 208 375 131 187 ]
cf = [ 9.52549 65.2951 42.7888 14.7278 11.2593 28.2405 14.0689 27.4181 13.6951 23.1704 62.9659 64.1439 49.0981 37.7212 29.3882 42.1946 57.4082 31.6259 52.1206 41.4837 ]
c0 = [ 85 120 74 207 178 145 61 62 123 139 246 117 131 157 144 244 147 250 102 146 ]
cp = [ 39.8481 34.1535 41.6844 18.5833 27.8235 33.7935 39.1355 37.2737 33.8609 36.291 12.636 26.9762 31.4467 25.0564 26.1711 23.9296 29.1916 10.8409 34.4452 26.9299 ]
D = [ 537 729 767 843 952 1151 1162 1393 1405 1492 1578 1765 1821 1936 2093 2170 2235 2394 2438 2615 2619 2828 2901 2986 3103 2908 2775 2743 2539 2430 2301 2127 1969 1910 1708 1859 2061 2206 2347 2457 2722 2446 2240 1921 1793 1501 1292 987 791 893 924 1066 1175 1316 1393 1397 1548 1592 1715 1811 1930 1902 2036 2136 2222 2302 2366 2547 2518 2634 2785 2835 2976 2853 2696 2598 2477 2355 2188 2176 2067 1844 1749 1911 1993 2138 2353 2499 2600 2373 2187 1981 1775 1635 1304 1096 ]
