n = 20 ; 
T = 96 ; 
Init = [ 0 0 0 0 0 1 1 0 0 1 0 0 1 0 0 0 1 1 1 1 ]
L = [ 8 7 7 11 8 8 12 12 15 15 15 8 10 15 15 13 16 16 10 16 ]
l = [ 8 7 7 11 8 8 12 12 15 15 15 8 10 15 15 13 16 16 10 16 ]
Pmin = [ 142 120 120 222 123 122 236 236 305 305 328 131 183 319 319 271 324 324 173 325 ]
Pmax = [ 142 120 120 222 123 122 236 236 305 305 328 131 183 319 319 271 324 324 173 325 ]
cf = [ 25.7678 37.7162 37.7162 60.1916 25.8876 23.9052 36.788 36.788 43.0932 43.0932 43.5929 31.0912 53.4819 15.3935 15.3935 56.9554 19.7291 19.7291 47.3247 42.9401 ]
c0 = [ 127 99 99 172 111 102 182 182 210 210 220 110 134 203 203 175 212 212 151 220 ]
cp = [ 40.1625 34.5079 34.5079 20.665 36.1706 32.3913 21.4351 21.4351 16.9089 16.9089 29.0402 31.4604 21.2619 21.0477 21.0477 26.4054 21.6663 21.6663 28.135 12.5774 ]
D = [ 618 751 776 1031 1155 1261 1296 1452 1620 1733 1884 1915 2045 2198 2366 2557 2606 2716 2806 3102 3200 3335 3351 3559 3624 3509 3441 3245 3117 2814 2677 2618 2492 2251 2147 2338 2397 2694 2742 3012 3121 2926 2660 2333 2162 1764 1499 1249 1016 1201 1221 1445 1542 1519 1767 1885 1876 2046 2190 2264 2311 2476 2611 2783 2825 2888 2999 3114 3350 3400 3441 3719 3771 3547 3394 3300 3089 2928 2804 2494 2405 2186 1987 2209 2353 2616 2670 2864 3011 2850 2588 2251 1969 1728 1450 1269 ]
