n = 20 ; 
T = 96 ; 
Init = [ 1 1 1 0 1 1 1 0 1 1 1 0 0 1 0 0 0 1 1 0 ]
L = [ 7 9 9 16 14 8 9 8 5 16 19 15 6 8 7 14 14 16 17 10 ]
l = [ 7 9 9 16 14 8 9 8 5 16 19 15 6 8 7 14 14 16 17 10 ]
Pmin = [ 108 168 159 342 272 154 165 130 87 326 410 321 84 119 138 308 281 344 388 194 ]
Pmax = [ 108 168 159 342 272 154 165 130 87 326 410 321 84 119 138 308 281 344 388 194 ]
cf = [ 36.0736 49.9593 65.5008 41.1872 14.8303 45.7616 49.3235 29.3546 43.8457 16.9103 36.2817 7.02587 64.2582 66.9091 68.1312 58.518 30.2169 59.4591 10.2503 13.4172 ]
c0 = [ 97 130 134 249 194 123 143 110 104 229 250 200 84 104 112 192 199 246 250 147 ]
cp = [ 24.4057 28.0097 29.5908 16.1198 19.0393 36.3642 26.8057 28.4223 40.8401 26.9472 12.5868 16.1573 39.473 38.1665 39.4673 18.7317 24.8965 15.2988 10.5786 21.9121 ]
D = [ 603 727 811 939 1050 1328 1387 1534 1688 1685 1927 1998 2167 2194 2303 2565 2642 2675 2923 3007 3043 3266 3439 3551 3647 3390 3299 3154 2980 2901 2734 2588 2344 2301 2159 2191 2428 2510 2728 2832 2950 2731 2390 2162 2008 1652 1399 1198 884 1032 1177 1248 1455 1442 1652 1767 1901 1952 2136 2214 2274 2351 2526 2693 2848 2824 2970 3159 3210 3380 3504 3615 3785 3508 3299 3139 3036 2872 2607 2564 2269 2196 1945 2123 2467 2530 2870 3069 3230 2977 2641 2412 2120 1842 1501 1249 ]
