n = 20 ; 
T = 96 ; 
Init = [ 1 1 0 1 1 0 1 0 0 0 1 0 1 1 0 0 0 0 0 0 ]
L = [ 9 12 12 7 7 11 11 12 16 17 17 16 10 13 13 8 8 8 10 10 ]
l = [ 9 12 12 7 7 11 11 12 16 17 17 16 10 13 13 8 8 8 10 10 ]
Pmin = [ 183 263 263 90 90 225 225 254 335 370 370 361 196 277 277 123 145 145 200 200 ]
Pmax = [ 183 263 263 90 90 225 225 254 335 370 370 361 196 277 277 123 145 145 200 200 ]
cf = [ 53.5438 20.1935 20.1935 13.775 13.775 58.2254 58.2254 62.1741 13.6715 37.4181 37.4181 19.642 60.4845 12.9853 12.9853 23.4898 14.0346 14.0346 11.326 11.326 ]
c0 = [ 144 193 193 94 94 154 154 173 236 228 228 237 146 178 178 111 112 112 142 142 ]
cp = [ 30.4087 17.388 17.388 28.5257 28.5257 28.5725 28.5725 32.7773 19.1315 13.4522 13.4522 18.2465 35.2401 18.8674 18.8674 30.5826 32.1107 32.1107 17.4759 17.4759 ]
D = [ 650 811 890 954 1133 1368 1448 1538 1587 1787 1887 1975 2069 2291 2320 2455 2705 2709 2837 3039 3129 3325 3326 3569 3590 3545 3293 3099 3043 2816 2656 2449 2260 2225 1958 2170 2424 2460 2639 2819 3100 2844 2577 2417 2091 1899 1751 1551 1295 1413 1417 1637 1666 1809 1968 2104 2082 2198 2309 2585 2598 2740 2918 2954 3093 3269 3236 3349 3488 3693 3709 3885 4004 3735 3513 3402 3242 3072 2785 2610 2443 2214 1975 2150 2375 2607 2803 3060 3294 2983 2728 2526 2242 1882 1602 1342 ]
