n = 20 ; 
T = 96 ; 
Init = [ 0 1 1 0 0 0 1 0 0 0 0 1 0 1 1 0 1 1 1 0 ]
L = [ 19 16 6 20 11 18 17 5 18 18 12 6 17 18 19 6 12 7 8 13 ]
l = [ 19 16 6 20 11 18 17 5 18 18 12 6 17 18 19 6 12 7 8 13 ]
Pmin = [ 420 335 103 420 216 369 350 69 374 377 216 74 382 404 405 103 229 103 122 260 ]
Pmax = [ 420 335 103 420 216 369 350 69 374 377 216 74 382 404 405 103 229 103 122 260 ]
cf = [ 62.025 51.0537 43.0133 49.095 65.8617 18.6753 15.9602 21.6759 16.7268 33.8721 44.4744 36.0991 62.5812 13.7875 36.7679 24.4 68.4165 25.8858 66.9665 69.6541 ]
c0 = [ 250 217 103 250 148 250 231 92 243 250 174 78 248 250 250 89 162 107 93 176 ]
cp = [ 12.5427 14.7564 38.1121 10.7266 25.127 20.7576 15.2656 41.3641 22.0233 13.1736 17.8886 37.7579 10.9187 12.9505 8.78182 26.2834 31.6383 35.0882 34.9603 21.7285 ]
D = [ 683 738 845 1042 1213 1367 1482 1618 1748 2078 2070 2249 2374 2581 2744 2922 3162 3299 3364 3452 3661 3883 3911 4184 4338 4047 4036 3808 3630 3378 3228 3096 2940 2743 2652 2688 3059 3103 3317 3662 3685 3416 3073 2746 2529 2194 1890 1562 1253 1330 1456 1661 1704 1971 1976 2136 2230 2472 2649 2720 2847 3058 3104 3273 3499 3495 3684 3763 3930 4109 4288 4439 4435 4276 4066 3856 3814 3623 3404 3158 2908 2876 2502 2738 3023 3096 3357 3600 3779 3383 3059 2728 2407 2190 1891 1661 ]
