n = 20 ; 
T = 96 ; 
Init = [ 1 0 1 1 0 0 1 1 0 0 0 0 0 1 1 0 1 0 1 0 ]
L = [ 16 15 11 18 16 12 17 11 17 6 14 17 13 19 6 11 10 16 18 13 ]
l = [ 16 15 11 18 16 12 17 11 17 6 14 17 13 19 6 11 10 16 18 13 ]
Pmin = [ 349 312 240 364 355 238 363 244 357 97 288 366 266 420 105 196 178 325 369 247 ]
Pmax = [ 349 312 240 364 355 238 363 244 357 97 288 366 266 420 105 196 178 325 369 247 ]
cf = [ 36.4223 57.8258 34.252 46.1055 34.6832 22.3612 53.0543 38.0595 25.9284 57.615 52.3012 58.0796 20.4047 22.9329 60.613 7.7737 34.9288 20.8587 65.4795 54.4107 ]
c0 = [ 236 215 165 223 238 163 236 186 228 105 215 250 173 250 96 140 127 209 225 174 ]
cp = [ 27.5803 15.8836 25.9867 13.1274 16.1375 23.3556 15.4769 27.9405 14.8416 30.5863 30.6073 10.4062 22.5399 10.5718 34.675 33.2062 22.5697 15.4312 17.6245 25.9182 ]
D = [ 962 1051 1207 1360 1568 1853 1964 2033 2239 2390 2631 2797 2840 3031 3366 3515 3688 3832 3856 4037 4307 4364 4637 4860 4855 4702 4529 4380 3977 3851 3701 3478 3272 2899 2660 2948 3147 3517 3706 3942 4084 3767 3423 3071 2776 2388 2017 1726 1330 1557 1659 1826 1890 2064 2258 2417 2450 2642 2815 2906 3079 3305 3361 3457 3637 3905 3908 4114 4169 4374 4417 4638 4814 4541 4323 4167 3960 3563 3541 3293 2981 2711 2488 2755 2962 3236 3310 3620 3734 3519 3248 2863 2523 2166 1947 1647 ]
