n = 20 ; 
T = 96 ; 
Init = [ 0 1 0 1 1 0 0 1 1 0 1 0 1 1 0 0 0 0 0 0 ]
L = [ 17 11 11 17 17 10 18 13 17 8 8 8 8 10 12 10 10 13 13 13 ]
l = [ 17 11 11 17 17 10 18 13 17 8 8 8 8 10 12 10 10 13 13 13 ]
Pmin = [ 365 216 216 374 374 176 377 239 377 131 131 140 140 212 226 164 164 266 282 282 ]
Pmax = [ 365 216 216 374 374 176 377 239 377 131 131 140 140 212 226 164 164 266 282 282 ]
cf = [ 47.1964 36.6129 36.6129 43.1682 43.1682 31.2719 17.5446 18.6991 40.1858 68.3992 68.3992 28.8349 28.8349 66.8223 24.1462 29.1868 29.1868 50.0739 52.2862 52.2862 ]
c0 = [ 232 157 157 235 235 151 250 165 250 112 112 119 119 139 150 127 127 188 196 196 ]
cp = [ 12.1949 35.7694 35.7694 18.5723 18.5723 34.429 9.62793 25.238 11.9359 36.879 36.879 31.0099 31.0099 35.6108 25.0194 32.3931 32.3931 13.1929 20.5221 20.5221 ]
D = [ 566 670 884 928 1173 1212 1473 1511 1746 1796 1973 2211 2322 2401 2527 2745 2881 3022 3121 3264 3443 3623 3724 3898 4000 3891 3753 3484 3369 3168 3018 2780 2718 2459 2299 2473 2599 2691 2938 2977 3152 3048 2797 2555 2208 1940 1771 1594 1315 1457 1583 1591 1762 1788 1849 1988 2209 2200 2445 2398 2575 2672 2785 2909 2931 3115 3271 3250 3424 3576 3626 3771 3816 3665 3515 3323 3233 3087 2955 2707 2594 2481 2311 2413 2726 2838 2971 3220 3394 3015 2815 2410 2198 1825 1614 1316 ]
