n = 20 ; 
T = 96 ; 
Init = [ 0 1 1 0 0 1 1 0 0 1 0 1 0 0 0 0 0 1 1 1 ]
L = [ 4 12 6 16 15 6 17 20 10 4 11 13 12 17 9 6 13 6 17 6 ]
l = [ 4 12 6 16 15 6 17 20 10 4 11 13 12 17 9 6 13 6 17 6 ]
Pmin = [ 33 258 119 365 338 65 358 420 199 43 225 277 241 377 157 93 238 98 356 85 ]
Pmax = [ 33 258 119 365 338 65 358 420 199 43 225 277 241 377 157 93 238 98 356 85 ]
cf = [ 30.2697 59.6057 30.8697 52.5352 15.3004 26.6477 61.4698 37.1997 59.4452 10.1498 39.6484 56.003 62.6719 19.3901 34.6653 36.5792 24.5399 62.3413 17.2548 62.9761 ]
c0 = [ 61 199 103 244 238 58 240 250 142 64 150 190 168 237 130 81 163 104 231 73 ]
cp = [ 40.5575 33.9118 36.7107 10.0362 20.1275 40.8466 19.1875 8.24712 22.8772 40.707 26.1275 23.6226 17.7593 13.3476 23.1546 38.6615 31.9226 36.6906 22.3056 38.1115 ]
D = [ 593 616 813 963 1088 1244 1252 1451 1535 1754 1860 1972 2121 2166 2334 2517 2636 2688 2887 3055 3145 3192 3330 3514 3606 3395 3350 3102 2964 2789 2624 2408 2283 2029 1832 2046 2160 2342 2624 2694 2807 2670 2484 2219 1998 1694 1482 1251 1015 1133 1199 1307 1401 1551 1541 1636 1799 1906 2052 2137 2224 2261 2452 2555 2552 2647 2854 2944 2927 3101 3200 3266 3303 3153 3135 2856 2744 2535 2419 2353 2166 2019 1808 2080 2136 2282 2551 2673 2829 2598 2316 2069 1778 1590 1349 1115 ]
