n = 20 ; 
T = 96 ; 
Init = [ 0 0 1 1 1 0 1 1 0 0 1 0 0 0 1 1 1 1 1 1 ]
L = [ 6 6 13 12 11 16 18 16 11 12 17 10 7 9 16 12 14 6 7 4 ]
l = [ 6 6 13 12 11 16 18 16 11 12 17 10 7 9 16 12 14 6 7 4 ]
Pmin = [ 77 66 256 244 219 348 413 318 208 242 353 208 108 147 346 238 296 101 118 61 ]
Pmax = [ 77 66 256 244 219 348 413 318 208 242 353 208 108 147 346 238 296 101 118 61 ]
cf = [ 26.0845 32.4432 13.9301 64.1115 27.2348 27.1794 63.1999 58.8916 37.8494 12.6493 41.1472 17.3759 48.4805 65.9132 30.6478 39.1687 62.0754 66.8379 51.6628 43.5863 ]
c0 = [ 78 84 180 177 166 246 250 209 156 173 225 161 94 134 229 182 199 94 109 82 ]
cp = [ 28.2284 34.2791 16.2971 21.585 23.1858 12.5228 11.0453 19.9663 24.254 28.1944 21.8646 29.6138 37.5375 22.9813 14.8342 23.9382 17.7445 39.4785 29.5205 41.7465 ]
D = [ 449 703 801 940 1068 1120 1205 1350 1513 1724 1776 1939 2083 2124 2234 2473 2585 2636 2794 2951 3071 3093 3306 3438 3580 3342 3159 3099 2956 2779 2557 2519 2313 2222 2039 2132 2262 2492 2604 2772 2931 2732 2385 2168 1885 1682 1420 1125 960 1044 1090 1343 1391 1527 1626 1804 1866 1917 2038 2158 2332 2399 2502 2602 2791 2916 3029 3109 3135 3278 3482 3552 3682 3389 3297 3157 3006 2720 2654 2416 2260 1969 1872 1990 2220 2290 2475 2654 2821 2641 2455 2153 1927 1732 1576 1426 ]
