n = 20 ; 
T = 96 ; 
Init = [ 0 0 1 1 1 1 1 1 0 1 1 1 1 0 1 1 1 0 1 0 ]
L = [ 4 4 11 11 9 9 9 9 15 15 5 5 12 12 6 11 11 7 8 8 ]
l = [ 4 4 11 11 9 9 9 9 15 15 5 5 12 12 6 11 11 7 8 8 ]
Pmin = [ 41 41 234 234 141 141 147 147 314 314 70 70 254 254 96 204 204 137 148 148 ]
Pmax = [ 41 41 234 234 141 141 147 147 314 314 70 70 254 254 96 204 204 137 148 148 ]
cf = [ 15.9413 15.9413 49.9709 49.9709 51.6313 51.6313 54.9391 54.9391 31.6843 31.6843 44.0601 44.0601 48.1137 48.1137 55.2174 17.694 17.694 31.4045 46.6566 46.6566 ]
c0 = [ 54 54 160 160 117 117 118 118 215 215 87 87 196 196 96 155 155 111 128 128 ]
cp = [ 40.6948 40.6948 34.4345 34.4345 28.1277 28.1277 29.0861 29.0861 22.3314 22.3314 29.257 29.257 21.0729 21.0729 33.8797 30.385 30.385 23.7114 36.9004 36.9004 ]
D = [ 464 552 606 767 819 852 1036 1035 1187 1260 1333 1391 1472 1558 1663 1769 1883 1863 1968 2074 2200 2302 2324 2409 2552 2363 2250 2211 2147 1955 1845 1767 1695 1555 1437 1549 1690 1888 1915 2008 2194 2040 1819 1715 1446 1363 1165 926 854 844 996 997 1091 1188 1226 1347 1435 1496 1645 1696 1738 1886 1962 1971 2031 2202 2282 2360 2366 2515 2496 2591 2714 2549 2431 2353 2260 2169 1986 1904 1723 1613 1568 1648 1800 1959 2079 2124 2264 2133 1943 1724 1545 1353 1179 980 ]
