n = 20 ; 
T = 96 ; 
Init = [ 1 0 0 0 1 0 1 1 0 0 1 1 1 0 0 0 0 1 0 1 ]
L = [ 6 5 5 5 17 17 11 14 8 8 6 6 8 8 13 13 14 14 8 9 ]
l = [ 6 5 5 5 17 17 11 14 8 8 6 6 8 8 13 13 14 14 8 9 ]
Pmin = [ 78 67 84 84 380 380 224 307 120 120 69 69 124 124 275 275 288 288 144 180 ]
Pmax = [ 78 67 84 84 380 380 224 307 120 120 69 69 124 124 275 275 288 288 144 180 ]
cf = [ 63.7167 32.2668 69.8663 69.8663 53.2846 53.2846 69.126 21.9766 21.6305 21.6305 28.0505 28.0505 44.9161 44.9161 63.3007 63.3007 62.821 62.821 44.6064 60.7728 ]
c0 = [ 103 93 76 76 250 250 160 207 119 119 86 86 104 104 176 176 202 202 116 154 ]
cp = [ 38.851 40.6173 35.0704 35.0704 19.2925 19.2925 21.7201 13.4038 37.3922 37.3922 36.8921 36.8921 27.4467 27.4467 27.1001 27.1001 22.3387 22.3387 36.6379 37.9732 ]
D = [ 326 452 561 760 875 963 1088 1138 1304 1395 1478 1678 1768 1864 1967 2096 2191 2388 2418 2564 2654 2802 2849 3013 3167 2920 2857 2665 2502 2413 2226 2064 1988 1796 1718 1768 1939 1998 2116 2207 2375 2152 1887 1721 1481 1336 1053 926 690 809 936 961 1031 1113 1254 1382 1424 1551 1617 1615 1810 1817 1875 2020 2166 2206 2276 2399 2506 2609 2692 2722 2743 2692 2523 2434 2357 2169 2080 2041 1885 1703 1602 1795 1842 2029 2131 2133 2359 2125 1854 1742 1559 1259 1072 948 ]
