n = 20 ; 
T = 96 ; 
Init = [ 1 0 0 0 0 1 1 0 0 0 0 0 1 0 1 1 1 1 0 1 ]
L = [ 5 5 4 11 11 6 6 12 7 7 9 9 9 9 15 10 10 8 8 8 ]
l = [ 5 5 4 11 11 6 6 12 7 7 9 9 9 9 15 10 10 8 8 8 ]
Pmin = [ 57 57 53 223 223 101 101 233 123 123 153 153 171 171 313 221 221 163 163 131 ]
Pmax = [ 57 57 53 223 223 101 101 233 123 123 153 153 171 171 313 221 221 163 163 131 ]
cf = [ 60.0973 60.0973 32.4807 29.0431 29.0431 45.7149 45.7149 27.1182 55.4471 55.4471 45.267 45.267 54.3765 54.3765 49.5479 68.1427 68.1427 26.9737 26.9737 42.199 ]
c0 = [ 71 71 74 146 146 96 96 177 103 103 135 135 135 135 206 145 145 115 115 117 ]
cp = [ 33.7824 33.7824 40.7394 20.8106 20.8106 40.2654 40.2654 29.7418 39.2199 39.2199 25.3681 25.3681 27.0776 27.0776 12.3193 22.7191 22.7191 34.9096 34.9096 34.2615 ]
D = [ 606 679 737 834 860 976 1079 1169 1279 1298 1468 1516 1630 1703 1742 1890 2002 2068 2189 2196 2358 2423 2542 2612 2722 2515 2447 2288 2133 2060 1888 1744 1657 1569 1434 1542 1627 1764 1988 2095 2164 2053 1815 1721 1481 1308 1161 1059 790 897 1027 1038 1089 1185 1280 1382 1432 1508 1534 1622 1687 1802 1843 1913 2006 2021 2143 2183 2245 2331 2416 2477 2589 2436 2393 2256 2092 1986 1884 1740 1668 1510 1418 1476 1721 1803 2003 2112 2196 2000 1888 1614 1461 1203 1040 793 ]
