n = 20 ; 
T = 96 ; 
Init = [ 0 0 0 0 1 0 0 0 0 1 0 1 0 1 0 0 1 0 1 0 ]
L = [ 6 11 8 4 13 8 4 17 15 11 16 12 6 7 18 15 17 18 5 8 ]
l = [ 6 11 8 4 13 8 4 17 15 11 16 12 6 7 18 15 17 18 5 8 ]
Pmin = [ 72 227 138 24 248 132 35 375 304 199 332 231 83 135 403 311 364 378 70 127 ]
Pmax = [ 72 227 138 24 248 132 35 375 304 199 332 231 83 135 403 311 364 378 70 127 ]
cf = [ 13.1654 41.7185 22.266 42.9538 59.9105 22.6526 18.1626 31.1286 45.4333 46.3064 13.3128 23.3754 11.8692 67.1509 23.441 38.0936 41.0423 46.266 26.9644 40.2986 ]
c0 = [ 88 162 125 38 182 126 61 250 222 140 221 181 83 115 250 207 246 248 86 111 ]
cp = [ 36.4492 27.0089 30.7597 41.5716 17.236 22.2591 41.8909 15.0598 22.9555 28.5455 17.3891 23.173 23.1919 33.456 12.4308 20.7748 11.6232 10.8827 38.5755 35.6976 ]
D = [ 572 687 897 989 986 1120 1329 1395 1482 1589 1696 1845 1941 2079 2111 2210 2420 2475 2547 2738 2840 2947 2994 3108 3168 3157 2896 2840 2636 2499 2467 2257 2128 2046 1820 2003 2218 2365 2505 2547 2693 2459 2318 2079 1723 1505 1256 1002 805 879 1038 1121 1220 1305 1469 1564 1751 1840 1939 2026 2174 2318 2331 2487 2634 2701 2866 2861 3023 3184 3210 3390 3386 3279 3157 2988 2794 2631 2561 2370 2171 2000 1934 2025 2132 2271 2500 2685 2803 2518 2330 2135 1885 1752 1453 1240 ]
