n = 20 ; 
T = 96 ; 
Init = [ 0 0 1 0 1 1 1 1 0 0 0 1 1 1 1 0 1 1 0 1 ]
L = [ 18 7 4 18 16 16 6 14 12 12 11 11 18 6 18 18 12 13 13 15 ]
l = [ 18 7 4 18 16 16 6 14 12 12 11 11 18 6 18 18 12 13 13 15 ]
Pmin = [ 372 110 36 385 343 343 98 276 248 248 208 208 392 110 385 385 223 263 263 308 ]
Pmax = [ 372 110 36 385 343 343 98 276 248 248 208 208 392 110 385 385 223 263 263 308 ]
cf = [ 52.1128 50.8196 65.4156 67.4092 53.4451 53.4451 48.4951 64.0543 52.9524 52.9524 55.532 55.532 25.1375 22.1152 35.885 35.885 43.147 67.9723 67.9723 27.8149 ]
c0 = [ 250 98 57 250 237 237 104 204 195 195 146 146 250 109 245 245 154 181 181 225 ]
cp = [ 11.2535 37.0979 41.9542 15.7039 12.7137 12.7137 28.5894 12.7365 29.3018 29.3018 23.4716 23.4716 9.29383 34.0675 17.3995 17.3995 28.5155 26.6883 26.6883 14.6554 ]
D = [ 870 978 1218 1223 1387 1532 1768 1929 1927 2169 2287 2461 2560 2643 2826 3023 3098 3131 3350 3500 3603 3799 3886 4025 4218 4033 3795 3652 3416 3320 3043 2976 2852 2680 2481 2553 2749 3009 3296 3354 3529 3307 2913 2751 2285 2130 1836 1501 1216 1354 1497 1542 1612 1783 1953 2099 2164 2246 2438 2501 2746 2821 2892 3017 3191 3323 3434 3496 3728 3788 3877 4064 4133 4068 3793 3641 3557 3292 3099 2947 2694 2518 2284 2525 2753 2922 2992 3158 3474 3145 2785 2565 2185 1961 1740 1406 ]
