n = 20 ; 
T = 96 ; 
Init = [ 0 0 1 0 1 0 1 0 0 0 1 0 0 0 1 1 0 1 0 0 ]
L = [ 15 15 12 16 16 4 4 14 13 13 7 8 5 5 17 17 14 9 6 10 ]
l = [ 15 15 12 16 16 4 4 14 13 13 7 8 5 5 17 17 14 9 6 10 ]
Pmin = [ 326 326 232 357 357 23 23 270 260 260 115 152 51 51 355 355 316 159 74 192 ]
Pmax = [ 326 326 232 357 357 23 23 270 260 260 115 152 51 51 355 355 316 159 74 192 ]
cf = [ 21.4168 21.4168 12.4192 51.9144 51.9144 27.5817 27.5817 8.59305 15.2369 15.2369 36.2034 43.8103 29.0412 29.0412 42.3057 42.3057 44.2707 53.0129 42.8284 62.0794 ]
c0 = [ 215 215 150 232 232 51 51 192 177 177 90 131 82 82 232 232 214 122 70 150 ]
cp = [ 15.1779 15.1779 23.3558 18.7995 18.7995 41.9915 41.9915 17.1632 24.0673 24.0673 29.0897 33.2055 40.686 40.686 21.458 21.458 23.8305 25.3909 39.4442 30.4471 ]
D = [ 629 806 878 1061 1118 1263 1426 1462 1549 1653 1795 1899 2054 2062 2282 2316 2482 2571 2733 2793 2943 3041 3133 3214 3291 3209 3002 2885 2818 2591 2515 2373 2214 1947 1878 1983 2220 2367 2551 2765 2907 2555 2349 2120 1821 1571 1420 1176 937 1026 1078 1182 1364 1448 1480 1584 1740 1779 1872 2062 2180 2210 2316 2413 2612 2610 2680 2927 2965 3053 3093 3281 3310 3258 3020 2950 2850 2628 2539 2374 2137 1998 1988 2115 2240 2289 2417 2596 2734 2476 2212 1988 1810 1549 1320 1085 ]
