n = 20 ; 
T = 96 ; 
Init = [ 1 0 1 1 0 1 0 1 0 1 0 0 1 0 0 0 1 0 0 1 ]
L = [ 4 10 19 11 5 10 17 11 16 5 16 13 10 6 15 11 15 14 16 9 ]
l = [ 4 10 19 11 5 10 17 11 16 5 16 13 10 6 15 11 15 14 16 9 ]
Pmin = [ 28 168 394 206 56 180 375 203 351 51 329 276 184 70 296 206 292 286 338 143 ]
Pmax = [ 28 168 394 206 56 180 375 203 351 51 329 276 184 70 296 206 292 286 338 143 ]
cf = [ 10.5527 29.4784 42.8264 30.724 14.9409 42.6484 63.5456 19.2531 17.1567 64.0494 18.0466 69.3861 29.6853 60.4061 65.2174 67.4191 50.1535 69.802 48.2493 66.2867 ]
c0 = [ 54 134 250 154 82 151 239 167 226 56 235 189 146 75 213 160 197 210 220 121 ]
cp = [ 41.0829 30.2135 11.5451 35.8904 37.2104 24.4097 20.7537 35.6431 12.7827 40.8888 20.3931 18.3304 38.5296 40.6569 14.9873 29.5585 19.3101 16.2453 14.387 29.9672 ]
D = [ 541 692 730 903 1014 1116 1283 1443 1579 1553 1673 1879 2069 2075 2276 2425 2474 2646 2692 2820 3004 3057 3302 3375 3533 3396 3255 3039 2850 2681 2548 2530 2389 2170 2040 2201 2438 2506 2704 2953 3033 2784 2513 2217 2011 1656 1385 1267 866 1110 1107 1179 1425 1511 1537 1758 1855 1843 2067 2089 2252 2303 2551 2609 2686 2849 2976 3074 3074 3175 3337 3413 3514 3393 3320 3070 2943 2732 2655 2483 2245 2053 2004 2075 2357 2558 2578 2846 3086 2781 2522 2216 2012 1730 1370 1133 ]
