n = 20 ; 
T = 96 ; 
Init = [ 1 0 0 1 0 0 1 0 0 1 1 1 0 1 1 0 0 1 0 0 ]
L = [ 15 15 10 10 18 18 14 14 17 15 15 7 7 12 12 11 7 19 19 9 ]
l = [ 15 15 10 10 18 18 14 14 17 15 15 7 7 12 12 11 7 19 19 9 ]
Pmin = [ 307 307 176 176 377 377 286 286 379 319 319 120 120 232 232 199 125 420 420 151 ]
Pmax = [ 307 307 176 176 377 377 286 286 379 319 319 120 120 232 232 199 125 420 420 151 ]
cf = [ 48.1624 48.1624 52.61 52.61 10.9563 10.9563 55.799 55.799 14.7992 34.1124 34.1124 40.8085 40.8085 18.3 18.3 29.2861 50.2983 39.4208 39.4208 59.0931 ]
c0 = [ 202 202 137 137 250 250 188 188 240 203 203 104 104 165 165 144 108 250 250 123 ]
cp = [ 19.2769 19.2769 26.8756 26.8756 10.4028 10.4028 31.4323 31.4323 12.7651 20.1176 20.1176 30.2859 30.2859 30.4966 30.4966 24.4491 33.7684 12.0431 12.0431 23.0408 ]
D = [ 800 1044 1119 1395 1389 1636 1776 1981 2098 2181 2258 2436 2736 2743 2955 3124 3293 3370 3537 3759 3819 4002 4064 4217 4368 4221 4092 3763 3705 3377 3254 2919 2685 2486 2277 2527 2869 3093 3201 3511 3668 3359 3155 2725 2469 2131 1917 1484 1338 1483 1570 1631 1858 2023 2040 2150 2402 2491 2577 2841 2932 3036 3213 3295 3471 3529 3732 3908 4070 4153 4382 4514 4495 4434 4102 3832 3719 3391 3267 3014 2693 2518 2385 2610 2721 2923 3316 3542 3695 3318 3148 2927 2517 2190 1914 1739 ]
