n = 20 ; 
T = 96 ; 
Init = [ 0 0 1 1 0 0 1 1 1 1 1 1 0 0 1 0 0 1 0 0 ]
L = [ 11 9 10 5 12 7 6 20 6 18 9 5 14 9 15 10 9 9 13 12 ]
l = [ 11 9 10 5 12 7 6 20 6 18 9 5 14 9 15 10 9 9 13 12 ]
Pmin = [ 210 184 161 61 253 107 98 420 81 385 164 87 279 166 332 181 181 163 272 238 ]
Pmax = [ 210 184 161 61 253 107 98 420 81 385 164 87 279 166 332 181 181 163 272 238 ]
cf = [ 46.6566 42.5346 51.5109 20.2131 53.448 61.3551 30.3645 35.7702 53.8965 49.2019 53.2762 16.5799 21.8988 54.2517 49.2049 39.5925 42.6069 27.5668 45.7361 42.7401 ]
c0 = [ 154 142 120 70 168 110 92 250 67 250 129 90 207 121 223 126 156 150 185 159 ]
cp = [ 25.5431 28.1077 26.795 36.3132 27.3023 37.9106 32.1538 8.26509 40.2516 15.2864 21.2747 40.4566 32.3835 32.3218 17.8354 31.8066 31.2627 37.1384 12.9592 30.93 ]
D = [ 734 727 936 1070 1125 1294 1353 1399 1589 1720 1842 1906 1966 2100 2206 2399 2542 2564 2770 2843 2997 3037 3117 3237 3318 3264 3015 2897 2794 2517 2378 2295 2043 2002 1796 1957 2155 2221 2461 2592 2821 2505 2311 2066 1772 1571 1264 1000 740 854 892 1017 1186 1265 1304 1498 1599 1713 1816 1890 1958 2055 2160 2272 2297 2511 2541 2649 2779 2820 2887 3071 3204 3028 2941 2736 2656 2431 2338 2178 2110 1955 1820 1930 2009 2211 2271 2350 2566 2291 2150 1852 1718 1437 1295 1086 ]
