n = 20 ; 
T = 96 ; 
Init = [ 1 0 0 0 1 1 1 1 0 0 1 1 0 1 0 1 0 0 1 1 ]
L = [ 18 18 9 9 6 6 7 15 13 19 16 16 8 8 17 17 6 6 11 5 ]
l = [ 18 18 9 9 6 6 7 15 13 19 16 16 8 8 17 17 6 6 11 5 ]
Pmin = [ 403 403 140 140 86 86 108 324 265 414 328 328 130 130 350 350 101 101 213 47 ]
Pmax = [ 403 403 140 140 86 86 108 324 265 414 328 328 130 130 350 350 101 101 213 47 ]
cf = [ 35.2493 35.2493 18.8373 18.8373 43.1976 43.1976 29.5319 50.2783 41.3339 16.1859 55.0899 55.0899 66.9932 66.9932 22.38 22.38 60.3358 60.3358 35.3469 66.6372 ]
c0 = [ 250 250 127 127 82 82 106 223 195 250 214 214 115 115 232 232 78 78 175 80 ]
cp = [ 11.1578 11.1578 33.8526 33.8526 34.5997 34.5997 34.1829 10.6089 15.1775 13.9574 13.407 13.407 25.7423 25.7423 14.0183 14.0183 39.0605 39.0605 24.2308 37.1756 ]
D = [ 619 638 804 912 1016 1119 1347 1409 1575 1607 1722 1865 1994 2209 2220 2396 2547 2656 2751 2821 3042 3092 3219 3312 3520 3376 3208 2983 2973 2786 2636 2482 2355 2088 2082 2103 2307 2573 2697 2945 3122 2792 2454 2191 1955 1669 1461 1255 895 1051 1214 1187 1325 1412 1524 1785 1870 1977 2098 2227 2315 2440 2433 2610 2680 2905 2920 3091 3246 3268 3472 3449 3693 3537 3384 3240 3096 2853 2673 2547 2508 2218 2113 2220 2348 2524 2618 2719 2890 2594 2477 2066 1944 1545 1360 1034 ]
