n = 20 ; 
T = 96 ; 
Init = [ 1 1 0 0 1 0 0 0 0 0 0 0 0 0 1 1 0 1 0 1 ]
L = [ 9 16 11 5 16 14 5 19 8 14 15 8 6 8 17 19 8 8 4 10 ]
l = [ 9 16 11 5 16 14 5 19 8 14 15 8 6 8 17 19 8 8 4 10 ]
Pmin = [ 160 351 206 45 316 293 68 411 141 274 321 148 90 140 367 417 164 127 37 194 ]
Pmax = [ 160 351 206 45 316 293 68 411 141 274 321 148 90 140 367 417 164 127 37 194 ]
cf = [ 7.9185 30.9535 31.0765 26.2407 53.4567 23.408 47.9285 41.7959 64.9342 50.2171 58.0165 50.9644 26.6529 47.691 7.3783 40.5765 60.1663 45.9621 47.4896 39.6664 ]
c0 = [ 136 240 164 56 216 186 72 250 115 198 216 123 84 111 250 250 136 115 43 144 ]
cp = [ 27.0174 14.1489 33.8699 36.8877 11.5118 24.2611 40.1206 11.3744 36.4603 27.7921 12.1286 35.3378 36.4093 38.2292 17.9561 12.6715 33.1148 36.9275 41.8019 26.4038 ]
D = [ 486 595 726 949 999 1192 1332 1438 1477 1605 1778 1898 2086 2244 2266 2418 2595 2754 2846 2921 3136 3155 3277 3457 3634 3442 3308 3029 2892 2771 2627 2409 2269 2130 1853 2137 2257 2493 2603 2789 3026 2765 2529 2256 2027 1840 1592 1259 1093 1116 1274 1358 1416 1618 1734 1840 1913 1979 2115 2217 2330 2418 2463 2635 2655 2863 2940 3094 3150 3193 3356 3464 3498 3454 3225 3102 2912 2702 2582 2394 2257 2035 1980 2133 2345 2484 2638 2817 3072 2680 2435 2275 2021 1716 1468 1284 ]
