n = 20 ; 
T = 96 ; 
Init = [ 1 0 0 1 0 1 0 1 1 1 0 1 1 1 1 0 0 0 0 0 ]
L = [ 12 12 7 16 6 6 16 16 11 11 18 4 12 13 6 6 14 11 18 18 ]
l = [ 12 12 7 16 6 6 16 16 11 11 18 4 12 13 6 6 14 11 18 18 ]
Pmin = [ 236 236 128 315 91 91 348 348 237 205 400 53 239 277 81 81 293 204 399 399 ]
Pmax = [ 236 236 128 315 91 91 348 348 237 205 400 53 239 277 81 81 293 204 399 399 ]
cf = [ 42.4624 42.4624 69.97 32.9887 27.3229 27.3229 30.8626 30.8626 15.7066 65.1687 51.4853 67.8026 13.4626 42.1555 25.2821 25.2821 10.5877 35.0311 21.388 21.388 ]
c0 = [ 169 169 131 213 93 93 225 225 183 154 250 81 186 187 78 78 212 150 250 250 ]
cp = [ 31.9822 31.9822 38.4244 21.9217 23.1106 23.1106 16.3211 16.3211 20.57 29.0306 11.8643 39.3101 27.5763 27.9016 35.3204 35.3204 15.4355 31.0961 10.4463 10.4463 ]
D = [ 795 895 1043 1134 1225 1443 1442 1607 1726 1880 2054 2132 2249 2387 2509 2649 2864 2940 3042 3153 3362 3490 3549 3745 3781 3617 3515 3275 3168 2948 2846 2639 2561 2309 2235 2429 2577 2684 2747 2886 3189 2878 2546 2249 1948 1781 1497 1283 967 1115 1097 1351 1387 1460 1597 1744 1875 1966 2025 2235 2243 2348 2557 2693 2712 2911 3032 3011 3151 3246 3366 3611 3693 3425 3275 3211 2984 2800 2697 2444 2293 2230 1947 2275 2386 2684 2876 3175 3280 3070 2778 2431 2213 1847 1522 1210 ]
