n = 20 ; 
T = 96 ; 
Init = [ 0 0 1 0 1 0 1 0 1 1 1 0 1 1 1 1 0 1 1 1 ]
L = [ 14 18 18 18 18 19 15 15 7 6 6 15 15 8 16 7 14 5 9 9 ]
l = [ 14 18 18 18 18 19 15 15 7 6 6 15 15 8 16 7 14 5 9 9 ]
Pmin = [ 299 406 406 393 393 420 332 332 88 98 98 309 309 138 315 101 284 73 189 189 ]
Pmax = [ 299 406 406 393 393 420 332 332 88 98 98 309 309 138 315 101 284 73 189 189 ]
cf = [ 22.2433 52.0328 52.0328 13.4236 13.4236 63.4885 59.3612 59.3612 68.4922 22.6248 22.6248 10.25 10.25 23.4224 52.6598 36.5129 53.5494 32.0925 12.4502 12.4502 ]
c0 = [ 203 250 250 250 250 250 230 230 87 86 86 205 205 108 232 108 214 77 145 145 ]
cp = [ 25.8879 13.5838 13.5838 13.1768 13.1768 11.0616 13.4475 13.4475 38.6577 39.5586 39.5586 14.4503 14.4503 36.6001 21.4863 20.8848 25.7819 38.7896 26.8248 26.8248 ]
D = [ 875 1000 1161 1350 1404 1587 1792 1936 2003 2169 2300 2395 2612 2706 2841 2956 3002 3187 3238 3414 3549 3810 3790 3946 4122 3935 3722 3668 3426 3223 3002 2921 2710 2518 2304 2567 2789 2820 3095 3252 3506 3098 2915 2572 2315 1945 1586 1242 1023 1172 1346 1324 1628 1734 1838 1924 1987 2187 2429 2476 2639 2768 2852 3050 3079 3324 3401 3518 3697 3738 3906 4021 4200 4010 3794 3709 3526 3302 3023 2886 2677 2438 2336 2486 2790 2848 3140 3373 3497 3222 2884 2550 2272 2073 1804 1420 ]
