n = 20 ; 
T = 96 ; 
Init = [ 1 0 0 0 1 0 1 0 1 0 0 0 0 0 1 1 0 0 1 1 ]
L = [ 15 9 12 16 19 14 13 11 12 14 14 15 17 5 5 17 5 12 14 16 ]
l = [ 15 9 12 16 19 14 13 11 12 14 14 15 17 5 5 17 5 12 14 16 ]
Pmin = [ 290 183 234 322 405 306 255 214 253 291 292 324 389 88 54 369 76 255 261 348 ]
Pmax = [ 290 183 234 322 405 306 255 214 253 291 292 324 389 88 54 369 76 255 261 348 ]
cf = [ 41.9503 66.0808 32.0503 12.0902 38.6276 49.3441 58.1111 10.3668 20.3456 22.9915 32.2217 38.8017 68.3146 53.4649 50.0489 37.8937 42.6339 33.3729 53.8377 15.7643 ]
c0 = [ 203 146 161 212 250 224 196 147 192 210 190 210 250 88 75 246 78 190 185 223 ]
cp = [ 15.4095 31.0227 20.7633 14.8697 17.0806 32.6692 21.7773 29.5459 27.3008 16.2725 27.1208 14.6534 18.0856 32.1251 41.7234 11.9463 37.9218 20.1836 31.1139 19.2734 ]
D = [ 553 766 859 994 1147 1367 1565 1599 1715 2045 2160 2309 2473 2634 2814 2794 2983 3183 3253 3589 3586 3811 3970 4131 4226 4130 3964 3669 3509 3317 3181 3069 2935 2737 2412 2614 2818 3067 3148 3313 3545 3144 2861 2660 2266 2008 1824 1465 1279 1330 1491 1623 1685 1921 2070 2116 2393 2414 2503 2759 2824 2955 3062 3215 3458 3571 3603 3726 4030 4143 4153 4288 4500 4287 4154 3851 3743 3519 3300 3107 2799 2606 2409 2589 2865 3050 3140 3365 3434 3204 2888 2612 2376 2031 1773 1451 ]
