n = 20 ; 
T = 96 ; 
Init = [ 0 1 0 0 1 0 0 0 0 1 1 0 1 0 1 1 1 0 0 0 ]
L = [ 12 8 16 10 19 10 13 8 15 15 15 7 12 14 7 6 16 11 18 13 ]
l = [ 12 8 16 10 19 10 13 8 15 15 15 7 12 14 7 6 16 11 18 13 ]
Pmin = [ 247 116 347 191 420 191 243 125 300 321 306 131 218 276 117 78 356 193 373 250 ]
Pmax = [ 247 116 347 191 420 191 243 125 300 321 306 131 218 276 117 78 356 193 373 250 ]
cf = [ 33.9247 47.5166 39.7585 53.6214 50.8667 62.1455 69.4147 39.3094 26.6582 46.4161 35.4472 16.8832 55.1976 26.9762 22.2201 11.2518 44.5507 38.0476 14.2238 14.9083 ]
c0 = [ 195 98 242 133 250 131 168 98 197 210 208 115 148 190 109 79 250 141 250 198 ]
cp = [ 14.3044 37.8571 18.1022 24.1811 9.06318 34.6683 23.9299 32.0863 15.4147 24.2839 21.6354 30.6484 23.9413 23.7907 33.4773 30.6667 20.7028 32.3366 14.1578 22.2102 ]
D = [ 438 609 643 906 1015 1052 1222 1369 1559 1768 1907 1953 2182 2238 2424 2533 2733 2868 2908 3030 3151 3336 3550 3654 3772 3687 3469 3342 3134 3002 2883 2551 2451 2228 2195 2394 2397 2723 2756 2985 3206 2826 2724 2446 2158 1928 1620 1394 1148 1228 1390 1493 1694 1716 1949 2005 2071 2310 2430 2435 2628 2782 2800 2978 2999 3256 3315 3380 3607 3637 3837 3908 4054 3804 3591 3457 3212 3171 2925 2761 2506 2478 2299 2444 2463 2716 2799 2940 3138 2843 2667 2385 2125 1848 1626 1443 ]
