n = 20 ; 
T = 96 ; 
Init = [ 1 1 1 1 1 1 0 1 1 1 1 1 0 0 0 1 1 0 1 0 ]
L = [ 13 13 7 7 12 12 8 8 13 11 11 18 18 9 8 8 12 12 5 5 ]
l = [ 13 13 7 7 12 12 8 8 13 11 11 18 18 9 8 8 12 12 5 5 ]
Pmin = [ 244 242 87 87 233 233 142 142 290 202 202 393 393 183 141 141 233 233 78 78 ]
Pmax = [ 244 242 87 87 233 233 142 142 290 202 202 393 393 183 141 141 233 233 78 78 ]
cf = [ 47.4218 33.3305 57.7488 57.7488 39.1627 39.1627 46.535 46.535 54.925 14.3111 14.3111 55.3889 55.3889 11.6164 23.5525 23.5525 63.4777 63.4777 47.8196 47.8196 ]
c0 = [ 177 174 81 81 184 184 114 114 213 143 143 250 250 139 121 121 155 155 93 93 ]
cp = [ 24.0965 26.5532 38.7792 38.7792 35.2405 35.2405 37.4612 37.4612 17.3773 25.5616 25.5616 14.4591 14.4591 33.8915 34.0382 34.0382 27.6475 27.6475 41.5505 41.5505 ]
D = [ 347 485 591 675 884 962 1124 1158 1292 1412 1605 1757 1785 1930 1983 2180 2272 2433 2534 2623 2722 2813 2972 3053 3294 3074 2871 2842 2584 2492 2366 2163 1948 1808 1712 1929 2090 2237 2369 2686 2834 2627 2421 2205 1880 1751 1471 1262 994 1172 1150 1353 1340 1443 1543 1735 1725 1919 2050 2054 2164 2325 2445 2514 2619 2727 2757 2881 3008 3050 3218 3300 3289 3211 3027 2825 2735 2526 2367 2162 2033 1896 1654 1864 2039 2107 2269 2478 2641 2322 2066 1870 1613 1378 1153 1046 ]
