n = 20 ; 
T = 96 ; 
Init = [ 1 0 0 1 0 0 0 0 1 1 1 1 1 1 0 1 0 1 1 1 ]
L = [ 19 15 5 14 16 8 18 8 6 18 17 17 20 17 13 16 5 7 7 13 ]
l = [ 19 15 5 14 16 8 18 8 6 18 17 17 20 17 13 16 5 7 7 13 ]
Pmin = [ 420 332 52 289 336 136 364 126 117 404 373 386 420 381 280 347 82 100 106 257 ]
Pmax = [ 420 332 52 289 336 136 364 126 117 404 373 386 420 381 280 347 82 100 106 257 ]
cf = [ 39.8546 63.8478 52.7939 11.2624 68.5205 22.1269 23.5197 34.2381 61.3038 58.16 59.7822 21.4679 14.6893 68.6359 14.3373 32.0048 66.4625 61.011 35.4171 27.0869 ]
c0 = [ 250 217 59 217 224 127 250 95 100 250 245 236 250 246 206 215 79 109 96 183 ]
cp = [ 10.7958 30.6945 40.0491 16.8992 19.8941 37.8044 12.7474 32.9848 33.0368 10.6292 15.7729 21.3204 8.46601 12.5592 20.7194 26.6906 38.6497 40.0101 37.3994 18.9919 ]
D = [ 872 990 1222 1281 1465 1568 1803 1867 1935 2237 2283 2402 2513 2788 2796 3093 3177 3261 3342 3593 3705 3840 4002 4097 4348 4172 3859 3788 3536 3382 3171 3089 2913 2793 2434 2665 2871 3165 3320 3454 3714 3273 3081 2812 2505 2181 1873 1509 1250 1250 1438 1656 1711 1805 1945 2215 2271 2503 2574 2684 2925 3037 3164 3314 3391 3462 3683 3826 4016 4084 4230 4409 4479 4433 4209 3886 3704 3579 3390 3093 3023 2686 2663 2686 2872 3026 3374 3477 3722 3312 3086 2741 2304 2064 1730 1425 ]
