n = 20 ; 
T = 96 ; 
Init = [ 0 0 1 0 0 1 1 0 0 1 0 0 1 0 0 0 1 0 1 1 ]
L = [ 8 9 9 13 5 5 19 13 16 7 15 15 13 13 10 6 7 7 8 8 ]
l = [ 8 9 9 13 5 5 19 13 16 7 15 15 13 13 10 6 7 7 8 8 ]
Pmin = [ 151 172 172 246 54 54 411 291 334 93 339 339 256 256 162 82 84 84 137 137 ]
Pmax = [ 151 172 172 246 54 54 411 291 334 93 339 339 256 256 162 82 84 84 137 137 ]
cf = [ 69.6158 56.4542 56.4542 19.5261 45.3216 45.3216 37.9762 57.623 26.3847 12.0806 39.6062 39.6062 14.3553 14.3553 49.0123 49.1751 69.306 69.306 53.7727 53.7727 ]
c0 = [ 126 153 153 165 74 74 250 198 231 97 228 228 185 185 130 80 80 80 111 111 ]
cp = [ 26.6018 22.1025 22.1025 27.297 30.2016 30.2016 17.055 27.6466 11.8426 38.699 30.1177 30.1177 31.4139 31.4139 24.2586 36.7555 39.9257 39.9257 33.5075 33.5075 ]
D = [ 528 582 761 856 965 1052 1180 1260 1405 1451 1653 1703 1819 1989 2099 2160 2269 2379 2483 2558 2684 2749 2967 3064 3197 3036 2828 2712 2511 2488 2232 2160 1945 1897 1673 1883 1963 2182 2364 2480 2637 2399 2081 1870 1695 1516 1256 944 740 902 952 1027 1120 1332 1346 1557 1653 1734 1732 1921 2056 2118 2241 2311 2408 2501 2582 2671 2813 2912 3055 3110 3179 3117 2965 2740 2562 2480 2315 2131 1969 1890 1677 1806 1999 2135 2234 2421 2536 2312 2091 1881 1616 1415 1311 1040 ]
