n = 20 ; 
T = 96 ; 
Init = [ 0 1 0 1 1 0 1 1 1 1 0 0 1 1 1 1 0 1 1 1 ]
L = [ 19 20 20 16 12 12 13 9 9 8 11 8 16 16 15 15 15 5 4 4 ]
l = [ 19 20 20 16 12 12 13 9 9 8 11 8 16 16 15 15 15 5 4 4 ]
Pmin = [ 420 420 420 352 266 266 249 137 137 170 203 124 341 341 300 300 334 58 46 46 ]
Pmax = [ 420 420 420 352 266 266 249 137 137 170 203 124 341 341 300 300 334 58 46 46 ]
cf = [ 64.2371 42.7908 42.7908 59.694 25.3897 25.3897 62.5237 65.9365 65.9365 68.6982 24.2912 68.6502 55.517 55.517 11.0003 11.0003 40.4743 48.7375 46.542 46.542 ]
c0 = [ 250 250 250 234 201 201 185 116 116 137 163 111 224 224 207 207 215 65 52 52 ]
cp = [ 10.2892 8.308 8.308 29.3845 28.0145 28.0145 26.0562 29.0539 29.0539 30.0791 33.7399 32.5355 22.6859 22.6859 16.5665 16.5665 13.6316 38.4854 40.7448 40.7448 ]
D = [ 672 871 933 1005 1149 1293 1606 1688 1881 1915 2103 2306 2348 2590 2739 2924 3038 3091 3300 3407 3579 3741 3910 4043 4100 4026 3694 3540 3330 3227 2981 2843 2613 2284 2253 2397 2444 2776 2857 3132 3172 3028 2733 2402 2174 1883 1591 1332 1101 1298 1384 1442 1504 1635 1860 1837 2100 2205 2329 2461 2553 2643 2823 2888 3060 3156 3262 3379 3448 3673 3649 3875 3897 3786 3620 3404 3265 3190 3031 2886 2709 2517 2311 2590 2743 2976 3113 3229 3448 3146 2830 2576 2246 1992 1864 1586 ]
