n = 20 ; 
T = 96 ; 
Init = [ 1 1 0 0 0 1 1 0 1 0 0 1 1 1 1 0 0 0 1 0 ]
L = [ 17 8 12 16 18 12 8 12 6 17 15 16 19 5 5 14 6 13 17 13 ]
l = [ 17 8 12 16 18 12 8 12 6 17 15 16 19 5 5 14 6 13 17 13 ]
Pmin = [ 371 125 261 329 395 250 118 246 88 365 325 329 400 39 85 309 111 256 357 266 ]
Pmax = [ 371 125 261 329 395 250 118 246 88 365 325 329 400 39 85 309 111 256 357 266 ]
cf = [ 21.6609 38.6218 10.6619 41.2642 26.1023 15.1716 28.8743 49.6706 19.9653 10.8493 26.7986 39.8952 28.0715 26.3559 21.6046 51.7675 15.0876 62.3918 68.1253 37.9493 ]
c0 = [ 240 95 197 224 250 182 117 178 82 241 237 238 250 68 71 224 106 162 244 182 ]
cp = [ 24.4624 33.1363 29.5307 23.858 10.5584 25.9939 28.7996 29.3211 34.4149 11.1881 25.4057 13.1616 12.3729 40.722 39.7876 22.639 37.359 20.2314 17.2198 30.3579 ]
D = [ 754 854 976 1184 1389 1420 1650 1720 1854 1989 2199 2301 2476 2562 2762 2910 3043 3096 3210 3522 3562 3764 3784 3962 4181 3984 3877 3642 3521 3259 3188 2906 2789 2513 2484 2581 2716 2926 3136 3264 3468 3108 2742 2525 2294 1987 1593 1354 1072 1217 1353 1376 1585 1659 1733 2038 2028 2177 2353 2425 2532 2641 2870 3025 3182 3191 3387 3475 3595 3681 3831 3936 4105 3996 3685 3597 3343 3197 3041 2892 2579 2432 2179 2484 2637 2681 2980 2996 3248 2982 2701 2505 2222 1858 1690 1437 ]
