n = 20 ; 
T = 96 ; 
Init = [ 1 0 1 0 0 0 1 0 0 0 0 1 0 0 1 0 0 0 0 0 ]
L = [ 16 4 16 11 18 10 15 6 18 9 10 9 17 15 8 15 16 16 16 18 ]
l = [ 16 4 16 11 18 10 15 6 18 9 10 9 17 15 8 15 16 16 16 18 ]
Pmin = [ 335 27 333 229 402 193 327 99 366 169 192 185 365 313 167 339 370 357 326 366 ]
Pmax = [ 335 27 333 229 402 193 327 99 366 169 192 185 365 313 167 339 370 357 326 366 ]
cf = [ 39.3356 18.7495 46.4185 37.9703 39.8505 39.1378 10.9901 39.7565 12.6355 46.7549 43.0981 21.5132 8.96998 32.1651 48.252 12.9103 19.0042 66.4644 13.175 68.3877 ]
c0 = [ 219 51 227 166 250 150 223 79 250 139 131 132 250 208 151 235 250 244 211 232 ]
cp = [ 10.6267 41.9852 15.7206 28.4896 15.6343 31.5749 13.0906 40.2926 10.6479 32.0987 28.9883 31.2923 13.7218 17.6039 23.8578 22.1925 14.8652 17.6691 12.4773 26.0237 ]
D = [ 647 944 983 1251 1409 1545 1615 1707 1932 2178 2275 2296 2451 2641 2777 3042 3220 3287 3511 3562 3882 3993 4063 4334 4476 4171 3970 3732 3656 3424 3275 3122 2831 2567 2528 2672 2822 3131 3415 3635 3834 3490 3208 2836 2527 2227 1763 1479 1254 1410 1426 1510 1661 1836 2040 2154 2173 2420 2438 2591 2792 2920 2986 3057 3232 3485 3517 3682 3785 3983 3972 4109 4379 4117 3900 3811 3697 3390 3199 3149 2868 2765 2670 2780 3093 3241 3335 3538 3803 3468 3174 2789 2451 2297 1852 1560 ]
