n = 20 ; 
T = 96 ; 
Init = [ 1 0 0 1 0 1 0 0 0 1 1 0 0 1 0 1 0 1 0 1 ]
L = [ 10 10 9 8 14 12 10 9 19 19 13 4 4 16 16 16 16 4 4 10 ]
l = [ 10 10 9 8 14 12 10 9 19 19 13 4 4 16 16 16 16 4 4 10 ]
Pmin = [ 207 207 161 145 284 238 196 171 398 398 266 51 51 346 346 367 367 30 30 168 ]
Pmax = [ 207 207 161 145 284 238 196 171 398 398 266 51 51 346 346 367 367 30 30 168 ]
cf = [ 42.2007 42.2007 34.6461 50.3791 27.7975 29.7845 18.612 58.7381 53.7272 53.7272 26.1094 48.9212 48.9212 35.958 35.958 16.8035 16.8035 30.6348 30.6348 17.1292 ]
c0 = [ 167 167 125 120 193 190 141 115 250 250 194 59 59 226 226 240 240 62 62 152 ]
cp = [ 26.2745 26.2745 22.358 33.272 25.1909 13.2378 25.0995 34.4958 10.1788 10.1788 26.456 40.2263 40.2263 13.8594 13.8594 20.5037 20.5037 41.7954 41.7954 26.2391 ]
D = [ 653 753 907 1059 1153 1163 1337 1411 1622 1738 1818 2000 2058 2125 2237 2353 2548 2610 2762 2922 2997 3157 3220 3390 3521 3246 3171 3063 2859 2766 2589 2523 2414 2275 2084 2257 2477 2648 2780 2934 3105 2758 2537 2207 1972 1746 1416 1099 890 1016 1176 1268 1296 1485 1510 1745 1894 1992 2093 2242 2286 2393 2595 2643 2715 2904 2956 3117 3199 3357 3558 3689 3792 3487 3310 3252 2949 2887 2693 2499 2283 2128 1907 2159 2311 2555 2761 2942 3164 2841 2541 2338 2003 1786 1349 1128 ]
