n = 20 ; 
T = 96 ; 
Init = [ 0 1 0 1 0 1 0 0 1 0 1 0 0 1 1 1 1 0 0 1 ]
L = [ 14 7 13 9 13 11 9 5 13 17 12 17 5 18 19 13 5 16 5 9 ]
l = [ 14 7 13 9 13 11 9 5 13 17 12 17 5 18 19 13 5 16 5 9 ]
Pmin = [ 291 109 277 184 284 224 163 49 273 370 267 351 63 402 420 254 41 323 60 158 ]
Pmax = [ 291 109 277 184 284 224 163 49 273 370 267 351 63 402 420 254 41 323 60 158 ]
cf = [ 36.2726 59.5731 43.8158 22.2838 66.6482 66.7128 54.3521 41.6537 35.7915 40.3851 65.648 27.9496 25.8878 31.1611 56.2639 59.2313 30.7788 36.5282 40.2595 39.1783 ]
c0 = [ 204 108 193 148 197 185 127 67 191 245 196 233 81 248 250 192 59 215 74 115 ]
cp = [ 16.4557 38.876 23.9745 24.6898 25.4053 29.1624 38.2627 39.7502 21.8537 13.2231 26.7735 12.3866 37.9534 16.8649 10.2582 15.687 41.2748 14.4048 39.8886 28.7948 ]
D = [ 511 780 896 984 1065 1315 1475 1617 1660 1764 2022 2065 2302 2361 2554 2638 2764 2858 3102 3241 3401 3487 3552 3727 3823 3725 3556 3307 3144 2976 2833 2596 2392 2227 1941 2217 2370 2644 2758 2982 3056 2866 2569 2318 2215 1973 1668 1386 1122 1248 1471 1558 1703 1698 1810 1974 2013 2242 2224 2451 2581 2655 2686 2905 2909 3145 3255 3309 3488 3587 3613 3792 3826 3679 3517 3295 3109 2925 2692 2559 2389 2103 1947 2199 2352 2586 2726 2973 3159 2886 2633 2388 2244 1911 1775 1524 ]
