n = 20 ; 
T = 96 ; 
Init = [ 0 1 1 0 1 1 1 1 0 0 1 1 1 1 1 1 1 0 1 0 ]
L = [ 6 5 12 11 19 10 20 4 15 6 15 9 4 15 6 15 16 16 12 19 ]
l = [ 6 5 12 11 19 10 20 4 15 6 15 9 4 15 6 15 16 16 12 19 ]
Pmin = [ 84 48 240 205 401 169 420 43 326 102 308 180 48 284 100 310 310 347 238 406 ]
Pmax = [ 84 48 240 205 401 169 420 43 326 102 308 180 48 284 100 310 310 347 238 406 ]
cf = [ 43.5814 16.6726 10.4319 69.216 52.0437 63.8112 40.3665 34.8139 16.795 43.382 67.1946 9.89455 67.4575 26.592 41.4538 29.0444 31.9991 45.7325 53.8751 65.8727 ]
c0 = [ 92 56 172 149 250 116 250 52 215 89 207 148 67 193 96 220 212 225 171 250 ]
cp = [ 40.9008 40.7858 13.2627 31.1627 12.284 33.5168 11.5219 41.7673 14.6049 38.7782 32.2011 34.0002 41.5689 21.8606 39.8902 17.5459 18.4309 22.5268 27.6914 11.0926 ]
D = [ 516 581 792 836 987 1132 1350 1430 1559 1766 1801 1960 2106 2292 2404 2454 2702 2829 3031 3172 3172 3341 3490 3692 3716 3583 3494 3258 3028 2910 2671 2496 2470 2302 2032 2211 2408 2577 2862 3048 3120 2865 2637 2446 2237 1982 1702 1437 1085 1268 1325 1472 1574 1734 1825 1983 2078 2168 2308 2410 2569 2537 2650 2793 2861 2975 3170 3233 3368 3455 3559 3689 3745 3720 3552 3360 3155 2997 2866 2656 2404 2219 2211 2253 2419 2527 2616 2767 2854 2776 2555 2162 1942 1723 1528 1266 ]
