n = 20 ; 
T = 96 ; 
Init = [ 1 1 0 0 0 1 0 0 0 1 1 0 1 1 1 0 1 1 0 1 ]
L = [ 9 12 13 8 6 14 10 15 19 8 20 15 19 8 8 14 9 8 13 16 ]
l = [ 9 12 13 8 6 14 10 15 19 8 20 15 19 8 8 14 9 8 13 16 ]
Pmin = [ 181 241 254 152 75 301 183 326 420 134 419 325 411 143 121 271 173 134 246 313 ]
Pmax = [ 181 241 254 152 75 301 183 326 420 134 419 325 411 143 121 271 173 134 246 313 ]
cf = [ 22.0079 41.8247 53.1075 64.0004 21.6591 28.0126 51.5445 39.7886 34.6317 26.3034 46.7209 14.1487 12.2115 28.4236 69.7159 46.6353 25.7347 19.7501 69.8411 37.6092 ]
c0 = [ 134 169 196 127 89 221 136 227 250 105 250 217 250 123 109 188 124 96 168 196 ]
cp = [ 25.8611 25.5313 13.2835 31.1523 33.5085 17.44 25.3436 13.811 10.2744 24.5395 8.68478 15.8292 15.8853 33.8182 36.0277 24.402 29.1992 30.6809 20.6409 14.9819 ]
D = [ 632 750 898 1072 1187 1349 1548 1718 1911 1964 2192 2227 2346 2541 2738 2833 3086 3191 3281 3403 3624 3650 3889 4093 4082 3891 3768 3576 3429 3168 2974 2698 2587 2397 2150 2422 2661 2881 3003 3291 3419 3122 2974 2573 2326 2054 1781 1466 1174 1218 1361 1516 1632 1780 1808 1860 2010 2134 2270 2427 2501 2516 2696 2773 2869 2946 3111 3196 3412 3463 3588 3643 3707 3528 3460 3208 3154 2963 2726 2539 2461 2260 2122 2222 2408 2536 2756 2986 3131 2962 2648 2341 2256 2016 1679 1407 ]
