n = 20 ; 
T = 96 ; 
Init = [ 1 1 1 0 0 0 1 1 1 0 1 1 1 0 1 1 0 1 0 0 ]
L = [ 19 9 20 19 14 10 12 12 15 15 16 16 6 6 8 8 5 5 13 16 ]
l = [ 19 9 20 19 14 10 12 12 15 15 16 16 6 6 8 8 5 5 13 16 ]
Pmin = [ 407 168 420 420 295 181 236 236 298 298 320 320 80 80 147 147 68 68 279 347 ]
Pmax = [ 407 168 420 420 295 181 236 236 298 298 320 320 80 80 147 147 68 68 279 347 ]
cf = [ 39.6156 30.2532 57.4922 31.704 48.6201 58.9544 56.5387 56.5387 36.0768 36.0768 10.3175 10.3175 20.389 20.389 40.6471 40.6471 48.6711 48.6711 11.4559 69.8975 ]
c0 = [ 250 136 250 250 200 137 180 180 207 207 210 210 86 86 129 129 73 73 195 223 ]
cp = [ 8.45793 32.2022 10.3998 14.8151 19.2868 23.5259 23.9759 23.9759 15.9514 15.9514 18.5023 18.5023 31.1176 31.1176 34.2047 34.2047 34.6065 34.6065 20.9986 12.4671 ]
D = [ 679 749 888 1176 1255 1429 1512 1741 1815 2001 2102 2205 2384 2428 2635 2842 2942 2996 3276 3363 3569 3642 3689 3922 4007 3798 3594 3450 3343 3135 2945 2674 2571 2381 2081 2305 2537 2743 2880 3046 3298 2943 2795 2457 2181 1924 1653 1513 1200 1385 1501 1570 1570 1736 1893 2055 2049 2128 2381 2378 2528 2636 2846 2831 3059 3064 3283 3239 3355 3495 3609 3727 3854 3621 3538 3325 3158 3056 2726 2532 2504 2179 2118 2372 2495 2698 3002 3183 3353 3122 2863 2569 2158 1998 1577 1283 ]
