n = 20 ; 
T = 96 ; 
Init = [ 0 1 0 0 0 1 1 0 0 0 1 0 1 0 1 0 1 1 0 0 ]
L = [ 14 14 14 16 11 11 11 9 16 16 13 18 16 18 18 16 16 9 13 13 ]
l = [ 14 14 14 16 11 11 11 9 16 16 13 18 16 18 18 16 16 9 13 13 ]
Pmin = [ 306 306 307 348 217 217 192 173 321 321 285 382 330 382 382 345 345 176 276 276 ]
Pmax = [ 306 306 307 348 217 217 192 173 321 321 285 382 330 382 382 345 345 176 276 276 ]
cf = [ 56.3559 56.3559 29.3989 30.9651 24.0102 24.0102 17.6529 44.335 55.2968 55.2968 61.441 10.993 22.687 47.3093 47.3093 55.5868 55.5868 66.9698 22.7323 22.7323 ]
c0 = [ 221 221 209 245 153 153 138 132 224 224 210 242 231 249 249 233 233 147 201 201 ]
cp = [ 22.1959 22.1959 23.9501 12.6001 24.8051 24.8051 26.0609 33.155 17.7816 17.7816 24.956 12.5063 17.27 11.3626 11.3626 14.4085 14.4085 26.4034 27.8755 27.8755 ]
D = [ 893 1152 1326 1415 1684 1758 1878 2053 2353 2449 2601 2774 2909 3082 3299 3475 3734 3760 3975 4080 4348 4552 4601 4861 5054 4850 4514 4299 4172 3979 3674 3370 3265 2965 2799 2990 3231 3433 3628 3779 3907 3596 3483 3087 2779 2492 2102 1883 1671 1853 1990 2030 2099 2243 2378 2476 2758 2811 3026 3009 3339 3329 3579 3695 3685 3890 4159 4129 4293 4458 4633 4802 4868 4551 4454 4120 4031 3892 3538 3336 3244 2893 2816 2855 3150 3271 3493 3715 3975 3745 3285 2989 2615 2269 1954 1655 ]
