n = 20 ; 
T = 96 ; 
Init = [ 0 1 0 1 1 1 1 0 0 0 0 0 0 1 0 0 1 0 0 0 ]
L = [ 4 4 9 6 18 13 13 14 7 16 15 15 9 9 15 18 5 15 15 19 ]
l = [ 4 4 9 6 18 13 13 14 7 16 15 15 9 9 15 18 5 15 15 19 ]
Pmin = [ 37 37 169 81 390 279 279 287 115 356 305 305 166 166 323 397 56 302 302 420 ]
Pmax = [ 37 37 169 81 390 279 279 287 115 356 305 305 166 166 323 397 56 302 302 420 ]
cf = [ 27.3972 27.3972 46.6911 33.3583 55.8945 38.8384 38.8384 36.1358 9.88293 51.1922 63.0146 63.0146 15.5956 15.5956 28.194 64.7004 14.5924 46.7435 46.7435 68.045 ]
c0 = [ 52 52 153 82 236 195 195 201 103 218 204 204 128 128 222 250 75 222 222 250 ]
cp = [ 40.6683 40.6683 23.4359 36.2964 13.2391 29.8073 29.8073 19.4122 22.4432 23.0819 33.0812 33.0812 37.5528 37.5528 13.015 16.0558 38.5324 31.2131 31.2131 12.3055 ]
D = [ 548 730 854 1050 1138 1238 1379 1521 1758 1961 2055 2285 2416 2450 2713 2712 2955 3145 3180 3338 3586 3667 3856 3939 4155 3905 3748 3486 3412 3162 2960 2726 2509 2457 2096 2357 2447 2617 2871 3049 3273 2866 2694 2468 2121 1888 1687 1434 1140 1179 1236 1349 1600 1590 1823 1846 2004 2024 2200 2327 2356 2449 2670 2699 2877 2933 3017 3224 3370 3490 3438 3613 3794 3647 3439 3289 2985 2947 2677 2605 2322 2173 2104 2326 2420 2666 2800 2943 3273 2991 2668 2436 2138 1752 1439 1209 ]
