n = 20 ; 
T = 96 ; 
Init = [ 1 0 0 1 1 0 0 1 1 1 1 1 0 0 1 1 1 1 1 0 ]
L = [ 10 16 14 17 5 14 10 16 11 7 11 18 17 10 17 17 13 5 20 9 ]
l = [ 10 16 14 17 5 14 10 16 11 7 11 18 17 10 17 17 13 5 20 9 ]
Pmin = [ 199 345 261 335 93 306 168 323 202 135 229 381 362 183 382 363 260 62 420 164 ]
Pmax = [ 199 345 261 335 93 306 168 323 202 135 229 381 362 183 382 363 260 62 420 164 ]
cf = [ 24.1026 10.8577 38.7531 14.1869 68.5086 37.9329 66.5734 46.5281 42.9082 8.87398 26.4705 37.6816 60.5539 36.8703 45.9244 66.64 33.2685 16.6959 13.6637 66.2958 ]
c0 = [ 170 231 184 218 78 216 144 213 153 102 183 250 244 155 250 250 177 56 250 137 ]
cp = [ 32.2575 12.8552 22.4683 18.5941 38.0936 25.2399 25.3245 22.3473 23.9597 30.6991 21.5698 12.7228 16.1842 29.5157 11.988 19.2212 27.047 37.4909 11.1713 32.6001 ]
D = [ 627 731 976 1100 1238 1358 1617 1715 1919 2104 2176 2287 2559 2571 2861 3031 3095 3229 3467 3651 3812 3923 4005 4116 4408 4121 3964 3856 3659 3347 3244 3020 2846 2643 2579 2759 2892 3114 3238 3418 3671 3403 3042 2723 2501 2084 1780 1468 1209 1367 1492 1665 1659 1858 2018 2073 2163 2281 2535 2605 2842 2898 3102 3183 3363 3369 3514 3736 3880 4016 4136 4173 4314 4089 4036 3733 3534 3359 3099 2853 2702 2434 2227 2581 2833 3107 3383 3591 3850 3475 3041 2824 2371 2197 1736 1520 ]
