n = 20 ; 
T = 96 ; 
Init = [ 0 1 1 1 0 0 0 1 1 0 1 0 0 0 1 0 0 0 1 1 ]
L = [ 5 8 16 17 20 13 19 15 18 8 16 6 11 20 5 10 4 18 8 7 ]
l = [ 5 8 16 17 20 13 19 15 18 8 16 6 11 20 5 10 4 18 8 7 ]
Pmin = [ 67 149 354 378 420 245 420 313 386 160 355 79 204 420 54 194 68 409 155 139 ]
Pmax = [ 67 149 354 378 420 245 420 313 386 160 355 79 204 420 54 194 68 409 155 139 ]
cf = [ 12.9754 20.1845 9.15352 35.5814 55.466 24.84 35.7882 37.6085 26.2635 46.1683 50.1413 10.3344 54.5671 20.7422 25.6501 26.4529 69.6991 31.9026 60.5406 55.3598 ]
c0 = [ 82 108 229 241 250 191 250 208 250 137 237 77 140 250 67 135 83 250 122 112 ]
cp = [ 33.722 29.7785 14.6653 20.3797 8.5285 18.802 11.0704 28.5665 11.7171 32.4763 17.8187 39.8756 20.4401 10.3914 38.3688 28.7841 40.9455 11.2848 33.5497 31.4344 ]
D = [ 570 729 825 920 1090 1357 1365 1556 1608 1874 1941 2087 2203 2456 2570 2743 2826 3007 3125 3293 3488 3609 3719 3805 4009 3786 3637 3533 3251 3153 2985 2824 2561 2347 2138 2490 2623 2867 3085 3311 3678 3311 3031 2681 2425 2116 1979 1664 1438 1379 1656 1686 1836 2003 2109 2154 2330 2450 2591 2728 2817 2897 2939 3042 3293 3332 3392 3556 3778 3767 3955 4149 4098 3941 3833 3590 3424 3196 3051 2843 2619 2452 2155 2330 2578 2817 2920 3044 3286 2961 2654 2417 2236 1854 1602 1373 ]
