n = 20 ; 
T = 96 ; 
Init = [ 1 1 0 0 1 1 1 1 0 0 0 1 0 0 0 0 1 1 1 1 ]
L = [ 15 15 9 16 5 5 18 11 9 15 5 14 6 12 10 9 9 12 13 4 ]
l = [ 15 15 9 16 5 5 18 11 9 15 5 14 6 12 10 9 9 12 13 4 ]
Pmin = [ 302 329 169 338 73 57 374 224 175 335 49 272 90 251 180 192 186 249 273 70 ]
Pmax = [ 302 329 169 338 73 57 374 224 175 335 49 272 90 251 180 192 186 249 273 70 ]
cf = [ 33.8313 68.176 22.6042 41.2194 15.3412 8.19277 10.8909 58.1679 17.976 17.7332 23.9061 17.2421 50.1483 10.237 63.3668 52.7487 60.5409 42.7038 45.743 45.2679 ]
c0 = [ 207 213 140 228 72 88 241 174 152 218 73 187 81 168 137 158 142 163 184 71 ]
cp = [ 17.6714 26.4217 23.9977 13.7286 39.1704 41.0558 10.9311 24.9685 30.4461 21.317 41.3532 17.9338 35.1691 24.515 37.4474 22.4503 22.0056 24.7404 36.9182 41.3912 ]
D = [ 739 839 890 1094 1257 1247 1338 1584 1617 1752 1783 1951 2093 2238 2309 2450 2457 2665 2733 2797 2980 3023 3105 3245 3448 3268 3048 2913 2722 2659 2428 2343 2270 1979 1835 2143 2213 2377 2667 2813 3002 2777 2392 2176 1986 1714 1376 1236 863 996 1153 1266 1328 1347 1572 1569 1659 1796 1870 1973 2115 2166 2313 2441 2452 2567 2705 2748 2888 3068 3178 3152 3252 3242 3061 2956 2710 2684 2542 2338 2192 2106 1914 2198 2346 2441 2622 2911 3043 2741 2425 2143 1944 1676 1420 1131 ]
