n = 20 ; 
T = 96 ; 
Init = [ 1 1 1 0 0 1 1 1 1 1 0 1 0 0 0 0 1 1 0 1 ]
L = [ 5 16 6 6 20 20 9 16 16 9 17 15 15 9 9 16 16 6 17 17 ]
l = [ 5 16 6 6 20 20 9 16 16 9 17 15 15 9 9 16 16 6 17 17 ]
Pmin = [ 85 352 91 91 420 420 197 350 350 147 386 311 311 175 175 330 368 70 376 376 ]
Pmax = [ 85 352 91 91 420 420 197 350 350 147 386 311 311 175 175 330 368 70 376 376 ]
cf = [ 16.9714 55.7538 62.3732 62.3732 66.7795 66.7795 54.7077 39.8276 39.8276 53.4182 48.5498 26.9264 26.9264 39.8828 39.8828 12.3755 68.65 32.0193 37.9252 37.9252 ]
c0 = [ 87 236 87 87 250 250 151 232 232 122 248 217 217 128 128 209 233 87 250 250 ]
cp = [ 38.5403 13.3771 41.4785 41.4785 10.4045 10.4045 26.8286 25.3439 25.3439 23.6817 18.5142 19.5391 19.5391 34.4134 34.4134 15.4275 21.7519 20.8003 14.7638 14.7638 ]
D = [ 606 793 822 1086 1208 1436 1616 1661 1910 2104 2310 2313 2550 2740 2874 2953 3256 3368 3530 3653 3825 3982 4303 4277 4514 4359 4044 3951 3706 3541 3309 3031 2887 2716 2338 2611 2962 3258 3410 3646 3970 3598 3304 2937 2589 2461 2007 1796 1528 1603 1651 1851 2020 1987 2152 2366 2510 2607 2689 2873 3000 3104 3191 3362 3566 3637 3683 3829 4118 4109 4220 4497 4545 4428 4107 3878 3819 3636 3254 3209 2971 2707 2534 2767 2971 3265 3384 3602 3863 3597 3333 3054 2763 2455 2019 1802 ]
