n = 20 ; 
T = 96 ; 
Init = [ 0 1 1 1 0 0 0 0 0 1 0 0 1 0 1 0 1 1 1 0 ]
L = [ 13 13 8 8 8 19 16 16 10 6 8 8 11 18 8 8 11 13 18 18 ]
l = [ 13 13 8 8 8 19 16 16 10 6 8 8 11 18 8 8 11 13 18 18 ]
Pmin = [ 254 254 165 165 151 405 346 346 174 102 159 159 210 403 149 149 224 268 373 373 ]
Pmax = [ 254 254 165 165 151 405 346 346 174 102 159 159 210 403 149 149 224 268 373 373 ]
cf = [ 38.836 38.836 62.179 62.179 58.7451 68.1029 58.7345 58.7345 23.2443 68.1234 56.4516 56.4516 44.1937 63.3784 28.327 28.327 52.197 56.8646 48.4098 48.4098 ]
c0 = [ 172 172 148 148 111 250 221 221 143 100 122 122 147 250 129 129 167 194 250 250 ]
cp = [ 16.7673 16.7673 32.039 32.039 33.0171 9.28373 16.2759 16.2759 28.4207 35.9687 39.4889 39.4889 20.6483 14.5559 38.6521 38.6521 18.2257 22.5674 12.6413 12.6413 ]
D = [ 615 640 861 1021 1031 1159 1338 1413 1709 1736 1963 1982 2135 2329 2490 2521 2616 2844 2888 3136 3165 3450 3593 3618 3841 3616 3468 3220 3169 2986 2853 2660 2545 2323 2154 2287 2607 2855 2928 3232 3373 3026 2881 2530 2242 1947 1669 1341 978 1164 1280 1437 1461 1669 1761 1765 2004 2066 2295 2298 2531 2506 2797 2892 2908 3117 3143 3291 3480 3633 3618 3814 3990 3841 3675 3499 3261 3089 2995 2853 2744 2465 2357 2503 2664 2878 3081 3358 3511 3149 2812 2582 2249 1903 1645 1381 ]
