n = 20 ; 
T = 96 ; 
Init = [ 1 1 0 1 1 1 0 1 1 1 1 1 0 0 0 0 0 1 1 0 ]
L = [ 17 20 18 13 13 8 8 11 11 11 15 15 6 16 16 10 10 10 10 17 ]
l = [ 17 20 18 13 13 8 8 11 11 11 15 15 6 16 16 10 10 10 10 17 ]
Pmin = [ 360 420 406 273 273 131 131 206 225 225 319 319 85 328 328 162 162 186 186 370 ]
Pmax = [ 360 420 406 273 273 131 131 206 225 225 319 319 85 328 328 162 162 186 186 370 ]
cf = [ 26.5828 49.4813 44.7276 62.7726 62.7726 10.4131 10.4131 35.2326 43.1409 43.1409 34.9178 34.9178 22.0767 68.7973 68.7973 63.9817 63.9817 23.4902 23.4902 32.5569 ]
c0 = [ 220 250 250 194 194 124 124 155 171 171 218 218 87 225 225 129 129 134 134 241 ]
cp = [ 18.8076 8.2085 18.7483 18.5223 18.5223 27.8229 27.8229 21.0647 25.7173 25.7173 11.6328 11.6328 38.7602 15.1933 15.1933 22.3778 22.3778 23.318 23.318 13.4733 ]
D = [ 794 1015 1015 1316 1314 1504 1642 1895 2072 2075 2360 2423 2638 2711 2923 3089 3149 3427 3433 3762 3895 3937 4192 4250 4416 4273 3929 3716 3665 3303 3254 2958 2851 2651 2317 2669 2745 3009 3276 3377 3679 3337 2981 2604 2370 2074 1711 1385 1019 1028 1275 1394 1453 1695 1783 1873 2085 2272 2275 2494 2553 2691 2955 3059 3245 3393 3395 3576 3704 3854 3951 4122 4245 4216 3857 3671 3643 3434 3155 3043 2890 2720 2401 2694 2778 2934 2991 3148 3352 3055 2886 2605 2307 2076 1947 1695 ]
