n = 20 ; 
T = 96 ; 
Init = [ 0 0 0 0 1 1 1 1 1 0 1 1 0 0 1 1 1 1 0 0 ]
L = [ 20 20 11 11 15 18 13 6 10 10 16 9 9 18 6 7 10 10 10 15 ]
l = [ 20 20 11 11 15 18 13 6 10 10 16 9 9 18 6 7 10 10 10 15 ]
Pmin = [ 420 420 216 216 308 386 272 82 191 191 342 175 175 384 78 105 173 183 199 298 ]
Pmax = [ 420 420 216 216 308 386 272 82 191 191 342 175 175 384 78 105 173 183 199 298 ]
cf = [ 39.3473 39.3473 27.8315 27.8315 52.1367 68.166 21.2814 51.7259 64.7393 64.7393 27.4762 17.3239 17.3239 38.2726 13.0854 60.155 43.1666 26.8437 58.5743 58.3667 ]
c0 = [ 250 250 155 155 213 250 190 89 134 134 224 154 154 250 92 91 146 158 156 220 ]
cp = [ 9.8959 9.8959 31.5832 31.5832 14.6863 21.6495 22.7071 38.5592 31.5357 31.5357 21.0138 19.9021 19.9021 14.2288 39.5777 38.236 30.8694 29.0497 29.1311 13.6689 ]
D = [ 451 702 767 985 1095 1198 1310 1389 1559 1717 1840 2095 2113 2309 2360 2612 2737 2919 2949 3028 3299 3327 3447 3682 3812 3543 3518 3387 3223 3051 2760 2596 2538 2350 2092 2339 2447 2672 2860 3001 3246 3019 2701 2425 2256 2028 1691 1510 1303 1344 1478 1634 1813 1803 1959 2129 2166 2322 2421 2433 2669 2671 2799 2916 3114 3214 3232 3436 3452 3603 3696 3893 3940 3800 3588 3490 3169 3141 2899 2731 2458 2416 2119 2462 2496 2792 3020 3156 3323 3058 2789 2425 2228 1977 1619 1335 ]
