n = 20 ; 
T = 96 ; 
Init = [ 0 0 0 0 1 0 0 0 1 0 1 0 1 1 0 0 0 1 0 0 ]
L = [ 13 13 17 17 6 17 19 12 17 17 13 4 4 16 16 18 8 8 8 8 ]
l = [ 13 13 17 17 6 17 19 12 17 17 13 4 4 16 16 18 8 8 8 8 ]
Pmin = [ 248 248 343 343 61 357 412 234 362 362 249 52 52 330 330 367 127 127 134 134 ]
Pmax = [ 248 248 343 343 61 357 412 234 362 362 249 52 52 330 330 367 127 127 134 134 ]
cf = [ 17.1767 17.1767 50.2633 50.2633 29.7121 55.2903 40.531 67.6926 58.777 58.777 46.8959 18.0316 18.0316 20.7296 20.7296 31.9109 35.037 35.037 46.0818 46.0818 ]
c0 = [ 168 168 229 229 68 243 250 169 229 229 184 79 79 228 228 248 112 112 112 112 ]
cp = [ 17.0068 17.0068 11.6351 11.6351 36.1618 13.5058 9.58151 21.728 11.7858 11.7858 32.7934 40.8559 40.8559 13.9162 13.9162 11.4331 27.724 27.724 32.2552 32.2552 ]
D = [ 669 640 816 1037 1228 1308 1499 1605 1806 1891 1956 2233 2293 2502 2519 2765 2828 3032 3131 3375 3511 3657 3781 3869 3975 3813 3717 3584 3384 3117 2987 2856 2594 2495 2262 2404 2598 2768 3051 3122 3412 3150 2890 2631 2256 2046 1711 1432 1216 1218 1372 1401 1660 1678 1860 1849 2091 2138 2220 2359 2527 2569 2720 2876 2841 3060 3146 3308 3371 3481 3550 3686 3742 3730 3557 3429 3163 3115 2889 2705 2547 2541 2274 2409 2635 2763 2954 3131 3372 3073 2816 2473 2283 1886 1588 1428 ]
