n = 20 ; 
T = 96 ; 
Init = [ 0 0 1 1 1 1 1 0 1 1 1 1 1 0 1 0 1 1 1 1 ]
L = [ 13 19 10 16 19 16 12 6 9 7 8 19 10 8 19 11 8 5 13 11 ]
l = [ 13 19 10 16 19 16 12 6 9 7 8 19 10 8 19 11 8 5 13 11 ]
Pmin = [ 280 420 170 334 420 355 247 86 154 129 151 392 204 142 409 220 122 75 251 202 ]
Pmax = [ 280 420 170 334 420 355 247 86 154 129 151 392 204 142 409 220 122 75 251 202 ]
cf = [ 21.5327 58.7311 63.2474 23.8893 12.6932 20.5322 7.20356 14.5209 16.2065 63.9138 17.0885 48.4239 47.7893 33.9452 69.0047 18.3461 61.3638 66.9804 54.8542 67.1166 ]
c0 = [ 202 250 139 220 250 236 193 82 116 100 117 250 151 117 250 171 91 84 195 146 ]
cp = [ 19.1703 12.1777 33.3444 24.7362 12.0652 14.2548 24.3686 31.0189 30.0944 33.5305 33.7978 12.8133 28.5659 34.3321 12.4841 34.0439 29.2974 38.0326 31.2627 32.9261 ]
D = [ 539 775 803 964 1140 1320 1402 1508 1700 1848 1922 1962 2247 2342 2386 2629 2768 2899 2966 3067 3295 3396 3442 3685 3753 3539 3380 3345 3208 2927 2872 2596 2419 2258 2185 2364 2390 2579 2731 2989 3020 2908 2695 2325 2175 1874 1788 1470 1319 1391 1486 1688 1762 1811 2037 1991 2146 2258 2370 2526 2725 2690 2894 2958 3097 3233 3350 3430 3580 3727 3884 3960 4074 3833 3699 3408 3218 3102 2854 2803 2467 2372 2232 2371 2552 2691 2841 2887 3021 2775 2642 2295 2071 1851 1624 1422 ]
