n = 20 ; 
T = 96 ; 
Init = [ 1 0 1 0 0 1 1 0 0 1 0 1 1 1 1 0 1 1 1 0 ]
L = [ 15 15 16 4 10 10 14 7 7 16 16 13 13 9 9 14 13 9 9 7 ]
l = [ 15 15 16 4 10 10 14 7 7 16 16 13 13 9 9 14 13 9 9 7 ]
Pmin = [ 306 306 317 41 182 182 305 101 101 335 342 276 276 145 145 280 260 169 169 96 ]
Pmax = [ 306 306 317 41 182 182 305 101 101 335 342 276 276 145 145 280 260 169 169 96 ]
cf = [ 65.9907 65.9907 41.2302 40.4581 10.5144 10.5144 34.1244 29.3159 29.3159 11.7396 37.9061 51.7322 51.7322 41.8467 41.8467 23.8708 22.7152 29.6747 29.6747 13.7139 ]
c0 = [ 219 219 215 61 129 129 213 100 100 213 226 204 204 112 112 205 183 129 129 111 ]
cp = [ 34.774 34.774 21.2318 40.4093 31.7957 31.7957 24.5774 31.5437 31.5437 19.8963 18.1985 17.3969 17.3969 34.3454 34.3454 14.9966 25.9166 35.0475 35.0475 33.5335 ]
D = [ 542 704 717 926 1101 1138 1324 1436 1631 1740 1913 1935 2160 2239 2456 2496 2690 2744 2962 3114 3239 3415 3517 3611 3846 3553 3460 3348 3067 2954 2835 2684 2437 2354 2116 2247 2404 2554 2822 3037 3161 2841 2639 2229 2012 1732 1384 1065 815 964 1080 1179 1241 1411 1554 1669 1725 1883 1916 2056 2141 2292 2415 2478 2564 2730 2903 2960 3055 3109 3239 3345 3502 3350 3290 3058 2893 2752 2585 2535 2430 2266 2044 2196 2398 2516 2829 2976 3139 2804 2568 2295 2159 1934 1612 1449 ]
