n = 20 ; 
T = 96 ; 
Init = [ 0 1 1 0 1 0 1 1 0 0 1 1 0 0 1 0 1 1 1 0 ]
L = [ 5 5 11 4 4 10 12 12 18 18 14 14 12 11 11 13 10 10 9 9 ]
l = [ 5 5 11 4 4 10 12 12 18 18 14 14 12 11 11 13 10 10 9 9 ]
Pmin = [ 70 70 243 48 48 170 218 218 366 366 287 287 241 237 237 268 198 198 165 165 ]
Pmax = [ 70 70 243 48 48 170 218 218 366 366 287 287 241 237 237 268 198 198 165 165 ]
cf = [ 19.5427 19.5427 68.6702 30.6251 30.6251 24.192 22.1833 22.1833 16.4482 16.4482 44.7408 44.7408 46.5588 43.4452 43.4452 16.9194 63.2084 63.2084 33.5071 33.5071 ]
c0 = [ 89 89 192 73 73 115 154 154 250 250 195 195 167 163 163 178 153 153 123 123 ]
cp = [ 34.1498 34.1498 34.9395 41.4582 41.4582 28.8392 27.5464 27.5464 17.4468 17.4468 20.3163 20.3163 21.0442 26.4402 26.4402 24.2692 29.094 29.094 32.6691 32.6691 ]
D = [ 666 816 910 1021 1197 1249 1405 1548 1659 1799 1789 2035 2094 2236 2327 2471 2574 2743 2845 2870 3017 3090 3313 3442 3515 3410 3216 3016 2825 2738 2500 2421 2218 2104 1871 2038 2172 2437 2481 2756 2896 2553 2399 2072 1901 1572 1272 1086 838 959 1061 1152 1237 1298 1503 1512 1640 1777 1889 2060 2122 2246 2396 2420 2581 2702 2712 2929 3002 3085 3236 3380 3416 3230 3092 2958 2893 2609 2515 2381 2259 2011 2008 1972 2082 2285 2298 2428 2661 2372 2259 1992 1866 1648 1446 1225 ]
