n = 50 ; 
T = 96 ; 
Init = [ 1 1 0 1 1 0 1 1 0 1 0 1 1 1 0 0 0 1 0 1 1 0 0 1 0 0 0 1 1 0 0 1 0 0 0 1 0 0 0 1 1 0 0 0 0 1 0 0 0 0 ]
L = [ 11 11 11 11 11 11 11 11 11 10 10 10 7 7 7 5 5 5 11 11 11 5 5 5 9 9 9 9 9 2 2 2 2 2 2 2 2 2 2 2 2 2 2 2 2 2 2 2 2 2 ]
l = [ 5 5 5 5 5 7 7 7 7 5 5 5 8 8 8 4 4 4 8 8 8 4 4 4 6 6 6 6 6 2 2 2 2 2 2 2 2 2 2 2 2 2 2 2 2 2 2 2 2 2 ]
Pmin = [ 257 257 257 257 257 203 203 203 203 275 275 275 188 188 188 154 154 154 200 200 200 149 149 149 181 181 181 181 181 58 58 58 58 58 67 56 56 56 72 72 72 72 72 52 52 52 52 50 50 55 ]
Pmax = [ 543 543 543 543 543 438 438 438 438 543 543 543 438 438 438 322 322 322 636 636 636 322 322 322 519 519 519 519 519 96 96 96 96 96 116 95 95 95 116 116 116 116 116 95 95 95 95 95 95 96 ]
cf = [ 1238.57 1238.57 1238.57 1238.57 1238.57 1042.44 1042.44 1042.44 1042.44 1196.96 1196.96 1196.96 937.659 937.659 937.659 4052.61 4052.61 4052.61 3412.59 3412.59 3412.59 4198.09 4198.09 4198.09 3693.95 3693.95 3693.95 3693.95 3693.95 2662.16 2662.16 2662.16 2662.16 2662.16 2823.49 2339.89 2339.89 2339.89 3222.81 3222.81 3222.81 3222.81 3222.81 2101.15 2101.15 2101.15 2101.15 2240.14 2240.14 2529.64 ]
c0 = [ 49299 49299 49299 49299 49299 36839 36839 36839 36839 47288 47288 47288 33810 33810 33810 18812 18812 18812 41858 41858 41858 17838 17838 17838 31473 31473 31473 31473 31473 5689 5689 5689 5689 5689 5758 5650 5650 5650 5777 5777 5777 5777 5777 5674 5674 5674 5674 5659 5659 5701 ]
cp = [ 34.2228 34.2228 34.2228 34.2228 34.2228 29.4879 29.4879 29.4879 29.4879 33.6656 33.6656 33.6656 31.6018 31.6018 31.6018 81.9236 81.9236 81.9236 65 65 65 83.6593 83.6593 83.6593 70.4797 70.4797 70.4797 70.4797 70.4797 119.525 119.525 119.525 119.525 119.525 116.662 117.812 117.812 117.812 114.736 114.736 114.736 114.736 114.736 119.126 119.126 119.126 119.126 119.823 119.823 119.696 ]
D = [ 1465 1290 1289 1408 1578 1815 2350 3043 3598 4033 4410 4494 4421 4364 4454 4235 4477 4366 5461 4947 4351 4051 3654 3271 2723 1789 1311 1523 1421 1441 1834 3815 5354 5332 5299 5436 5361 5201 5421 5273 5375 5366 5141 5083 4555 4099 3936 4076 3532 3353 3355 3282 3474 3428 3655 3599 3866 3983 4054 4164 4145 3994 4029 4169 3919 4126 4325 4253 3969 4099 3298 2859 2156 2044 1037 1118 1108 1202 1733 3930 5741 5535 5810 5557 5684 5672 5529 5637 5793 5685 5382 5698 4905 4789 4276 3806 ]
