n = 10 ; 
T = 96 ; 
Init = [ 0 0 0 0 0 0 1 1 1 1 ]
L = [ 6 6 6 11 11 11 10 18 18 18 ]
l = [ 6 6 6 11 11 11 10 18 18 18 ]
Pmin = [ 31 31 31 52 52 52 52 98 98 98 ]
Pmax = [ 31 31 31 52 52 52 52 98 98 98 ]
cf = [ 45.0673 45.0673 45.0673 48.3164 48.3164 48.3164 42.3087 66.2961 66.2961 66.2961 ]
c0 = [ 103 103 103 136 136 136 147 250 250 250 ]
cp = [ 36.8359 36.8359 36.8359 23.7632 23.7632 23.7632 24.2123 11.8413 11.8413 11.8413 ]
D = [ 125 143 163 166 185 208 229 228 240 255 266 302 313 314 326 358 371 384 390 412 423 431 446 462 471 461 448 416 419 398 376 347 329 313 297 324 355 385 397 426 433 405 372 338 297 262 223 180 147 163 158 182 202 205 226 241 262 271 286 307 317 336 342 360 368 404 407 425 442 448 464 483 489 487 449 433 410 395 364 344 330 302 291 307 340 384 400 439 454 425 379 346 297 266 212 180 ]
K = 4
nk = [ 1 1 1 2 2 2 3 4 4 4 ]
First = [ 1 0 0 1 0 0 1 1 0 0 ]
Last = [ 0 0 1 0 0 1 1 0 0 1 ]
nS = 1
S = [ 0 1 2 3 4 5 6 7 8 9 ]
