n = 10 ; 
T = 96 ; 
Init = [ 0 0 0 0 0 0 1 1 1 1 ]
L = [ 19 14 14 14 14 11 11 14 14 17 ]
l = [ 19 14 14 14 14 11 11 14 14 17 ]
Pmin = [ 98 71 71 71 71 57 57 76 76 98 ]
Pmax = [ 98 71 71 71 71 57 57 76 76 98 ]
cf = [ 23.2128 53.0424 53.0424 53.0424 53.0424 50.7184 31.485 10.8558 10.8558 64.7873 ]
c0 = [ 250 200 200 200 200 162 162 194 194 250 ]
cp = [ 11.7925 26.9618 26.9618 26.9618 26.9618 28.8598 23.6866 19.4159 19.4159 18.4212 ]
D = [ 157 196 215 226 245 261 285 305 342 369 370 403 431 435 457 479 505 512 532 550 576 592 617 647 661 629 619 574 563 534 497 485 445 406 383 424 432 465 475 500 539 491 460 408 374 314 263 235 200 202 232 262 281 295 311 329 333 364 371 393 430 453 458 474 482 518 547 551 569 590 603 634 648 628 578 567 528 512 489 435 431 390 347 403 416 459 484 512 538 506 462 401 372 315 281 241 ]
K = 6
nk = [ 1 2 2 2 2 3 4 5 5 6 ]
First = [ 1 1 0 0 0 1 1 1 0 1 ]
Last = [ 1 0 0 0 1 1 1 0 1 1 ]
nS = 1
S = [ 0 1 2 3 4 5 6 7 8 9 ]
