n = 10 ; 
T = 96 ; 
Init = [ 0 0 0 0 0 1 1 1 0 0 ]
L = [ 16 9 9 9 9 11 11 11 6 6 ]
l = [ 16 9 9 9 9 11 11 11 6 6 ]
Pmin = [ 85 49 49 49 49 59 49 49 31 31 ]
Pmax = [ 85 49 49 49 49 59 49 49 31 31 ]
cf = [ 38.6012 20.777 20.777 20.777 20.777 53.6028 46.9069 46.9069 23.8485 23.8485 ]
c0 = [ 232 148 148 148 148 152 141 141 95 95 ]
cp = [ 13.4454 18.2717 18.2717 18.2717 18.2717 23.6528 23.5572 23.5572 39.953 39.953 ]
D = [ 147 154 165 180 197 206 211 232 243 260 257 268 283 298 316 335 345 357 366 374 378 407 408 430 440 411 400 384 353 335 314 307 284 261 237 261 277 308 321 356 371 334 311 273 240 203 171 136 99 110 138 144 164 175 190 192 201 229 227 254 256 277 278 309 320 334 337 346 370 389 398 399 420 396 382 372 342 337 323 296 269 269 235 271 287 291 316 348 367 331 311 273 245 232 192 182 ]
K = 5
nk = [ 1 2 2 2 2 3 4 4 5 5 ]
First = [ 1 1 0 0 0 1 1 0 1 0 ]
Last = [ 1 0 0 0 1 1 0 1 0 1 ]
nS = 1
S = [ 0 1 2 3 4 5 6 7 8 9 ]
