n = 10 ; 
T = 96 ; 
Init = [ 1 1 1 0 0 0 1 1 0 0 ]
L = [ 7 7 7 12 12 12 18 18 6 6 ]
l = [ 7 7 7 12 12 12 18 18 6 6 ]
Pmin = [ 39 39 39 68 68 68 95 95 32 32 ]
Pmax = [ 39 39 39 68 68 68 95 95 32 32 ]
cf = [ 62.031 62.031 62.031 32.8281 32.8281 32.8281 17.1246 17.1246 29.8841 29.8841 ]
c0 = [ 120 120 120 175 175 175 248 248 101 101 ]
cp = [ 34.3041 34.3041 34.3041 25.2823 25.2823 25.2823 12.6575 12.6575 22.2874 22.2874 ]
D = [ 161 161 182 194 201 236 235 250 270 295 295 312 334 342 374 384 385 406 433 440 453 470 487 498 511 500 480 447 419 409 370 347 322 313 287 304 343 374 391 411 452 413 369 330 306 256 211 174 137 159 177 195 198 207 221 236 254 268 282 292 303 331 328 343 361 373 380 395 424 429 434 451 471 446 426 420 410 380 380 363 341 323 311 315 353 355 385 404 430 382 365 311 277 243 214 183 ]
K = 4
nk = [ 1 1 1 2 2 2 3 3 4 4 ]
First = [ 1 0 0 1 0 0 1 0 1 0 ]
Last = [ 0 0 1 0 0 1 0 1 0 1 ]
nS = 1
S = [ 0 1 2 3 4 5 6 7 8 9 ]
