n = 10 ; 
T = 96 ; 
Init = [ 0 0 0 1 1 1 0 0 0 0 ]
L = [ 15 15 15 13 13 13 12 12 12 12 ]
l = [ 15 15 15 13 13 13 12 12 12 12 ]
Pmin = [ 80 80 80 73 73 73 67 67 67 67 ]
Pmax = [ 80 80 80 73 73 73 67 67 67 67 ]
cf = [ 54.3729 54.3729 54.3729 63.0365 63.0365 63.0365 51.4623 51.4623 51.4623 51.4623 ]
c0 = [ 210 210 210 202 202 202 175 175 175 175 ]
cp = [ 15.4038 15.4038 15.4038 28.1033 28.1033 28.1033 11.0134 11.0134 11.0134 11.0134 ]
D = [ 220 233 252 268 286 285 303 333 343 376 399 392 424 448 457 470 494 508 544 553 568 575 600 636 636 621 598 555 532 514 479 451 428 395 394 390 415 434 471 489 522 472 431 386 342 321 271 233 192 211 238 239 261 271 304 305 335 366 370 393 419 426 452 474 467 488 521 533 553 582 591 602 620 587 569 551 512 478 457 448 414 373 347 375 413 459 470 520 550 497 443 401 338 291 253 194 ]
K = 3
nk = [ 1 1 1 2 2 2 3 3 3 3 ]
First = [ 1 0 0 1 0 0 1 0 0 0 ]
Last = [ 0 0 1 0 0 1 0 0 0 1 ]
nS = 1
S = [ 0 1 2 3 4 5 6 7 8 9 ]
