n = 10 ; 
T = 96 ; 
Init = [ 0 0 0 1 1 1 1 1 0 0 ]
L = [ 12 12 12 10 10 10 10 10 10 10 ]
l = [ 12 12 12 10 10 10 10 10 10 10 ]
Pmin = [ 68 68 68 52 52 52 52 52 51 51 ]
Pmax = [ 68 68 68 52 52 52 52 52 51 51 ]
cf = [ 59.8695 59.8695 59.8695 50.1407 50.1407 50.1407 50.1407 50.1407 12.9248 12.9248 ]
c0 = [ 180 180 180 142 142 142 142 142 142 142 ]
cp = [ 33.9015 33.9015 33.9015 24.2072 24.2072 24.2072 24.2072 24.2072 36.74 36.74 ]
D = [ 116 134 159 162 172 198 213 223 229 242 268 290 287 299 333 341 362 370 387 399 421 424 436 463 465 446 441 414 399 368 361 326 322 302 279 288 321 340 367 391 409 369 345 311 270 243 202 167 130 162 167 175 199 196 208 243 253 250 277 287 302 316 315 327 346 369 377 390 400 408 435 452 452 449 414 402 397 367 361 350 339 302 286 320 326 344 377 403 404 377 350 325 276 257 231 188 ]
K = 3
nk = [ 1 1 1 2 2 2 2 2 3 3 ]
First = [ 1 0 0 1 0 0 0 0 1 0 ]
Last = [ 0 0 1 0 0 0 0 1 0 1 ]
nS = 1
S = [ 0 1 2 3 4 5 6 7 8 9 ]
