n = 10 ; 
T = 96 ; 
Init = [ 0 0 0 0 0 0 0 0 0 0 ]
L = [ 7 7 7 7 5 5 5 17 17 14 ]
l = [ 7 7 7 7 5 5 5 17 17 14 ]
Pmin = [ 29 29 29 29 15 15 15 83 83 75 ]
Pmax = [ 29 29 29 29 15 15 15 83 83 75 ]
cf = [ 37.1456 37.1456 37.1456 37.1456 52.5016 52.5016 52.5016 35.2046 35.2046 40.0014 ]
c0 = [ 90 90 90 90 49 49 49 229 229 193 ]
cp = [ 34.2812 34.2812 34.2812 34.2812 25.0861 25.0861 25.0861 13.9773 13.9773 19.3432 ]
D = [ 94 100 116 130 135 149 153 168 178 185 200 208 218 218 234 239 256 260 277 280 298 307 316 326 342 324 314 297 285 265 257 239 231 212 198 212 223 244 263 273 275 261 231 211 187 163 138 105 86 98 103 108 124 140 147 157 162 180 196 196 213 213 227 236 259 255 268 286 293 311 313 321 339 324 301 300 285 264 251 237 217 214 194 213 233 258 277 292 308 286 260 222 206 167 144 124 ]
K = 4
nk = [ 1 1 1 1 2 2 2 3 3 4 ]
First = [ 1 0 0 0 1 0 0 1 0 1 ]
Last = [ 0 0 0 1 0 0 1 0 1 1 ]
nS = 1
S = [ 0 1 2 3 4 5 6 7 8 9 ]
