n = 20 ; 
T = 24 ; 
Init = [ 1 0 0 0 0 0 0 1 0 1 1 1 1 1 1 0 0 1 1 0 ]
L = [ 2 3 6 9 4 5 6 6 4 7 5 7 6 6 9 6 7 5 7 8 ]
l = [ 2 3 6 9 4 5 6 6 4 7 5 7 6 6 9 6 7 5 7 8 ]
Pmin = [ 15 27 61 99 42 48 71 67 39 76 53 71 61 67 87 65 78 45 78 96 ]
Pmax = [ 15 27 61 99 42 48 71 67 39 76 53 71 61 67 87 65 78 45 78 96 ]
cf = [ 55.1133 50.2764 45.7321 26.3796 63.8809 9.58433 35.362 41.0201 29.4562 33.0652 12.7888 11.8354 46.6453 20.6759 28.416 55.5325 31.0515 33.4421 21.7676 52.7351 ]
c0 = [ 61 81 160 250 114 129 182 180 112 206 147 189 174 188 225 186 203 138 204 248 ]
cp = [ 40.3832 29.9774 26.5987 10.704 28.1222 32.0275 25.6075 24.2611 23.9931 16.3012 30.4772 17.3758 18.93 20.5664 16.9615 19.6052 22.3453 29.3035 18.121 23.2925 ]
D = [ 242 333 401 446 509 579 696 755 821 872 961 1035 1106 987 888 799 713 614 744 829 927 763 612 445 ]
K = 21
nk = [ -24066440 32721 -24066440 32721 0 0 0 0 0 0 0 0 0 0 0 0 0 0 0 0 ]
First = [ 1 1 1 1 1 1 1 1 1 1 1 1 1 1 1 1 1 1 1 1 ]
Last = [ 1 1 1 1 1 1 1 1 1 1 1 1 1 1 1 1 1 1 1 1 ]
nS = 20
S = [ 1 1 1 1 1 1 1 1 1 1 1 1 1 1 1 1 1 1 1 1 ]
