n = 20 ; 
T = 24 ; 
Init = [ 0 0 0 0 0 0 0 1 0 1 1 0 0 1 0 1 1 1 1 1 ]
L = [ 7 8 6 9 3 3 8 8 3 2 8 4 2 7 9 4 5 8 6 2 ]
l = [ 7 8 6 9 3 3 8 8 3 2 8 4 2 7 9 4 5 8 6 2 ]
Pmin = [ 76 88 68 98 27 31 94 91 30 21 81 38 18 75 100 39 47 92 73 16 ]
Pmax = [ 76 88 68 98 27 31 94 91 30 21 81 38 18 75 100 39 47 92 73 16 ]
cf = [ 48.2245 25.8926 40.044 10.7177 7.07693 33.2573 34.4188 16.8698 68.0475 31.9746 17.284 10.7397 69.0578 34.895 44.2119 40.7233 41.3984 54.3558 61.3594 16.0066 ]
c0 = [ 195 234 179 250 87 88 240 236 96 83 225 121 63 212 250 115 130 236 190 53 ]
cp = [ 17.1004 18.6819 28.6674 13.6763 39.5857 31.3742 28.452 19.0734 36.4579 40.5932 23.9723 24.5492 41.387 24.92 12.1559 30.3198 24.5021 21.1892 20.9477 40.709 ]
D = [ 328 386 418 501 560 590 647 689 778 812 852 913 996 897 824 754 692 614 714 848 950 802 642 508 ]
K = 21
nk = [ 0 0 0 0 0 0 0 0 0 0 0 0 0 0 0 0 0 0 0 0 ]
First = [ 1 1 1 1 1 1 1 1 1 1 1 1 1 1 1 1 1 1 1 1 ]
Last = [ 1 1 1 1 1 1 1 1 1 1 1 1 1 1 1 1 1 1 1 1 ]
nS = 20
S = [ 1 1 1 1 1 1 1 1 1 1 1 1 1 1 1 1 1 1 1 1 ]
