n = 20 ; 
T = 24 ; 
Init = [ 1 1 1 0 0 1 1 1 1 1 1 0 0 0 1 0 1 0 0 0 ]
L = [ 9 7 3 8 8 9 7 6 8 4 3 9 10 7 6 3 8 4 5 10 ]
l = [ 9 7 3 8 8 9 7 6 8 4 3 9 10 7 6 3 8 4 5 10 ]
Pmin = [ 91 80 36 94 92 100 73 63 89 34 32 92 100 73 66 35 94 41 54 100 ]
Pmax = [ 91 80 36 94 92 100 73 63 89 34 32 92 100 73 66 35 94 41 54 100 ]
cf = [ 19.3744 65.6935 10.8708 58.2854 38.4599 64.7651 26.1759 68.0219 12.4508 14.6903 43.193 27.9929 62.4159 25.548 45.0086 60.4151 58.1347 56.6956 57.8386 16.6961 ]
c0 = [ 233 218 113 242 250 250 189 182 232 102 98 238 250 190 175 102 250 109 161 250 ]
cp = [ 12.589 13.8207 36.6595 12.9619 17.3338 13.6371 16.0017 20.4518 17.0143 29.7002 39.3278 11.1046 10.2619 15.0517 28.4436 35.0357 14.3721 33.1952 26.0193 9.51747 ]
D = [ 336 398 456 557 614 667 729 830 890 995 1077 1104 1174 1122 984 883 800 705 803 968 1058 924 726 511 ]
K = 21
nk = [ 0 0 0 0 0 0 0 0 0 0 0 0 0 0 0 0 0 0 0 0 ]
First = [ 1 1 1 1 1 1 1 1 1 1 1 1 1 1 1 1 1 1 1 1 ]
Last = [ 1 1 1 1 1 1 1 1 1 1 1 1 1 1 1 1 1 1 1 1 ]
nS = 20
S = [ 1 1 1 1 1 1 1 1 1 1 1 1 1 1 1 1 1 1 1 1 ]
