n = 20 ; 
T = 24 ; 
Init = [ 1 0 0 1 0 0 0 1 1 0 0 0 0 1 1 1 0 1 0 1 ]
L = [ 3 8 4 9 5 3 3 2 10 6 10 4 9 2 3 8 2 5 8 7 ]
l = [ 3 8 4 9 5 3 3 2 10 6 10 4 9 2 3 8 2 5 8 7 ]
Pmin = [ 26 91 38 90 50 32 33 23 100 72 99 46 99 23 41 87 14 61 81 74 ]
Pmax = [ 26 91 38 90 50 32 33 23 100 72 99 46 99 23 41 87 14 61 81 74 ]
cf = [ 37.9398 46.2153 65.8721 52.5696 21.9671 62.3686 7.06959 48.4008 31.7642 16.8251 40.7027 38.976 42.037 14.1109 27.4783 30.9843 47.3374 30.8298 35.9563 12.6338 ]
c0 = [ 75 237 115 244 149 99 90 68 250 198 250 142 250 82 112 238 64 172 213 188 ]
cp = [ 40.2199 22.1431 29.1265 17.9353 21.6411 35.4656 33.0203 38.2794 10.0663 14.5569 14.7516 32.6184 14.2523 38.9329 33.1391 10.1312 41.5865 23.3439 27.5131 17.6891 ]
D = [ 227 304 356 449 516 551 616 690 740 795 892 926 987 922 844 748 701 622 700 756 859 693 563 407 ]
K = 21
nk = [ -24066440 32721 -24066440 32721 0 0 0 0 0 0 0 0 0 0 0 0 0 0 0 0 ]
First = [ 1 1 1 1 1 1 1 1 1 1 1 1 1 1 1 1 1 1 1 1 ]
Last = [ 1 1 1 1 1 1 1 1 1 1 1 1 1 1 1 1 1 1 1 1 ]
nS = 20
S = [ 1 1 1 1 1 1 1 1 1 1 1 1 1 1 1 1 1 1 1 1 ]
