n = 20 ; 
T = 24 ; 
Init = [ 1 0 1 1 0 0 1 0 1 0 0 0 1 0 0 1 1 1 1 0 ]
L = [ 5 6 3 4 6 3 6 6 7 9 5 2 9 6 4 8 9 5 3 5 ]
l = [ 5 6 3 4 6 3 6 6 7 9 5 2 9 6 4 8 9 5 3 5 ]
Pmin = [ 47 66 30 37 65 24 66 61 72 98 43 17 95 64 38 82 97 49 37 48 ]
Pmax = [ 47 66 30 37 65 24 66 61 72 98 43 17 95 64 38 82 97 49 37 48 ]
cf = [ 28.4877 47.3334 32.4127 52.2817 52.0538 15.509 58.5833 26.7231 29.5837 33.9379 48.3042 39.1681 10.3259 36.7216 19.3862 31.4672 51.051 16.9245 9.68032 57.5897 ]
c0 = [ 126 183 100 115 174 74 190 171 186 250 116 60 245 180 104 212 250 146 110 147 ]
cp = [ 35.2544 31.0661 39.7643 38.4318 19.2533 38.3874 26.9885 27.0669 21.8282 10.6948 25.4889 41.8092 11.8585 18.6054 26.0048 16.4537 13.9073 34.3113 37.8956 30.1553 ]
D = [ 309 361 434 449 535 584 616 670 708 754 808 865 943 847 780 688 603 529 657 785 893 749 564 412 ]
K = 21
nk = [ -24066440 32721 -24066440 32721 0 0 0 0 0 0 0 0 0 0 0 0 0 0 0 0 ]
First = [ 1 1 1 1 1 1 1 1 1 1 1 1 1 1 1 1 1 1 1 1 ]
Last = [ 1 1 1 1 1 1 1 1 1 1 1 1 1 1 1 1 1 1 1 1 ]
nS = 20
S = [ 1 1 1 1 1 1 1 1 1 1 1 1 1 1 1 1 1 1 1 1 ]
