n = 20 ; 
T = 24 ; 
Init = [ 0 0 0 1 0 1 0 0 0 1 0 1 0 1 0 0 1 0 0 0 ]
L = [ 3 3 3 5 7 8 6 7 4 5 5 8 4 3 5 4 6 4 6 7 ]
l = [ 3 3 3 5 7 8 6 7 4 5 5 8 4 3 5 4 6 4 6 7 ]
Pmin = [ 34 21 30 47 74 76 67 73 40 55 47 82 39 29 50 42 71 39 64 80 ]
Pmax = [ 34 21 30 47 74 76 67 73 40 55 47 82 39 29 50 42 71 39 64 80 ]
cf = [ 21.3875 39.5755 53.1183 31.0658 57.1035 40.142 43.8025 30.563 12.724 29.7518 14.6185 13.0462 45.5667 19.8184 8.70579 47.6768 55.6717 39.9875 43.8811 35.4986 ]
c0 = [ 92 68 83 143 189 206 183 206 121 150 137 213 115 100 141 120 203 109 167 214 ]
cp = [ 39.3389 33.1193 36.4708 23.6071 20.6446 11.1757 27.286 24.9787 35.4761 32.6284 19.6259 22.079 36.1616 36.9868 27.1037 25.8716 21.4436 32.2201 25.192 12.1233 ]
D = [ 287 355 378 443 508 545 598 633 679 717 769 846 887 809 753 641 595 495 600 689 735 629 528 410 ]
K = 21
nk = [ 0 0 0 0 0 0 0 0 0 0 0 0 0 0 0 0 0 0 0 0 ]
First = [ 1 1 1 1 1 1 1 1 1 1 1 1 1 1 1 1 1 1 1 1 ]
Last = [ 1 1 1 1 1 1 1 1 1 1 1 1 1 1 1 1 1 1 1 1 ]
nS = 20
S = [ 1 1 1 1 1 1 1 1 1 1 1 1 1 1 1 1 1 1 1 1 ]
