n = 20 ; 
T = 24 ; 
Init = [ 1 0 0 1 1 0 0 1 1 0 0 1 1 0 1 1 0 0 1 0 ]
L = [ 8 7 8 10 4 7 6 4 6 7 9 5 4 6 10 8 3 6 9 7 ]
l = [ 8 7 8 10 4 7 6 4 6 7 9 5 4 6 10 8 3 6 9 7 ]
Pmin = [ 85 83 96 100 46 65 65 37 53 76 95 51 44 64 100 83 27 65 90 71 ]
Pmax = [ 85 83 96 100 46 65 65 37 53 76 95 51 44 64 100 83 27 65 90 71 ]
cf = [ 38.6824 16.7707 62.5921 61.9749 34.9662 65.7323 46.1279 53.5706 27.5312 47.5403 18.4628 62.0395 68.7125 63.3888 59.8394 38.6088 11.8446 59.8463 65.3137 18.7248 ]
c0 = [ 227 216 250 250 131 170 167 108 140 197 240 150 132 178 250 224 75 186 242 189 ]
cp = [ 23.7575 12.5095 13.7135 10.9214 34.4094 13.3271 18.1603 34.8842 28.5395 23.1614 12.4893 29.1898 29.7848 27.5201 8.90748 24.7373 36.4271 20.8343 25.081 18.5333 ]
D = [ 307 358 447 538 577 647 746 821 932 973 1081 1163 1243 1126 1009 931 844 710 845 960 1086 872 744 582 ]
K = 21
nk = [ -24066440 32721 -24066440 32721 0 0 0 0 0 0 0 0 0 0 0 0 0 0 0 0 ]
First = [ 1 1 1 1 1 1 1 1 1 1 1 1 1 1 1 1 1 1 1 1 ]
Last = [ 1 1 1 1 1 1 1 1 1 1 1 1 1 1 1 1 1 1 1 1 ]
nS = 20
S = [ 1 1 1 1 1 1 1 1 1 1 1 1 1 1 1 1 1 1 1 1 ]
