n = 20 ; 
T = 24 ; 
Init = [ 1 0 1 1 0 1 1 1 1 0 0 0 0 1 0 1 1 0 0 1 ]
L = [ 6 3 4 9 3 8 6 9 7 9 6 7 4 4 9 3 8 6 7 7 ]
l = [ 6 3 4 9 3 8 6 9 7 9 6 7 4 4 9 3 8 6 7 7 ]
Pmin = [ 64 32 35 99 25 82 67 100 72 92 67 76 39 47 96 40 80 64 81 80 ]
Pmax = [ 64 32 35 99 25 82 67 100 72 92 67 76 39 47 96 40 80 64 81 80 ]
cf = [ 63.4562 52.309 21.6569 58.384 46.4418 65.8678 43.3962 56.9438 12.9668 61.307 53.2309 32.5451 67.8876 67.1586 18.9136 53.2754 47.9067 64.0237 7.00971 22.773 ]
c0 = [ 171 91 99 250 87 222 187 250 197 244 188 199 110 124 250 118 210 177 211 221 ]
cp = [ 28.661 37.3378 35.3383 16.6882 38.34 19.8966 24.1969 13.298 18.0243 12.5736 21.6122 20.6493 37.003 37.4947 18.7179 35.9 17.1638 25.3747 22.3679 17.1908 ]
D = [ 342 401 468 531 629 673 736 825 896 991 1017 1104 1179 1101 983 877 792 710 800 934 1029 903 680 544 ]
K = 21
nk = [ -24066440 32721 -24066440 32721 0 0 0 0 0 0 0 0 0 0 0 0 0 0 0 0 ]
First = [ 1 1 1 1 1 1 1 1 1 1 1 1 1 1 1 1 1 1 1 1 ]
Last = [ 1 1 1 1 1 1 1 1 1 1 1 1 1 1 1 1 1 1 1 1 ]
nS = 20
S = [ 1 1 1 1 1 1 1 1 1 1 1 1 1 1 1 1 1 1 1 1 ]
