n = 20 ; 
T = 48 ; 
Init = [ 0 1 1 1 1 1 1 1 1 1 0 0 1 1 1 1 1 0 0 0 ]
L = [ 7 6 6 6 7 7 7 9 9 9 5 5 5 5 5 5 5 6 6 6 ]
l = [ 7 6 6 6 7 7 7 9 9 9 5 5 5 5 5 5 5 6 6 6 ]
Pmin = [ 75 65 65 65 77 77 77 98 98 98 58 58 54 54 53 53 53 57 57 57 ]
Pmax = [ 75 65 65 65 77 77 77 98 98 98 58 58 54 54 53 53 53 57 57 57 ]
cf = [ 59.7438 66.8999 66.8999 66.8999 47.5111 47.5111 47.5111 44.6602 44.6602 44.6602 44.7438 44.7438 52.2257 52.2257 16.3059 16.3059 16.3059 13.5994 13.5994 13.5994 ]
c0 = [ 210 178 178 178 202 202 202 250 250 250 161 161 154 154 143 143 143 152 152 152 ]
cp = [ 31.5245 17.9345 17.9345 17.9345 17.155 17.155 17.155 15.783 15.783 15.783 27.6329 27.6329 21.518 21.518 22.7174 22.7174 22.7174 32.2083 32.2083 32.2083 ]
D = [ 278 356 422 496 555 632 687 752 813 919 985 1052 1072 981 903 848 732 649 759 936 1017 878 658 513 291 392 425 511 558 651 677 788 815 894 945 1011 1089 994 923 851 766 673 838 967 1066 895 701 460 ]
K = 8
nk = [ 1 2 2 2 3 3 3 4 4 4 5 5 6 6 7 7 7 8 8 8 ]
First = [ 1 1 0 0 1 0 0 1 0 0 1 0 1 0 1 0 0 1 0 0 ]
Last = [ 1 0 0 1 0 0 1 0 0 1 0 1 0 1 0 0 1 0 0 1 ]
nS = 20
S = [ 1 1 1 1 1 1 1 1 1 1 1 1 1 1 1 1 1 1 1 1 ]
