n = 20 ; 
T = 48 ; 
Init = [ 1 1 1 1 1 1 1 1 1 1 0 0 1 0 0 1 0 0 1 1 ]
L = [ 8 7 3 6 4 8 5 8 7 7 6 4 7 10 6 8 9 4 7 8 ]
l = [ 8 7 3 6 4 8 5 8 7 7 6 4 7 10 6 8 9 4 7 8 ]
Pmin = [ 91 80 27 67 41 91 52 93 73 81 60 41 78 100 55 84 91 44 79 93 ]
Pmax = [ 91 80 27 67 41 91 52 93 73 81 60 41 78 100 55 84 91 44 79 93 ]
cf = [ 16.5792 19.2916 61.1204 69.0867 45.98 68.2322 56.8519 55.5511 51.9011 30.136 25.1357 69.8681 60.809 11.4725 43.2662 32.6235 29.6987 25.2858 69.2451 56.4148 ]
c0 = [ 234 213 94 183 121 235 151 246 195 208 163 128 218 250 152 212 249 131 201 244 ]
cp = [ 22.6676 18.4899 33.4248 24.6233 31.4951 17.6638 28.0231 21.6514 19.1647 20.5922 26.2172 31.7512 23.49 9.51042 26.7534 20.3959 10.7296 26.0767 22.5389 19.0056 ]
D = [ 373 411 494 561 624 677 781 846 880 991 1036 1146 1190 1065 1004 917 788 711 847 961 1087 897 749 554 359 423 487 594 671 731 774 834 927 1022 1045 1123 1192 1086 1025 899 829 723 820 913 1008 839 734 575 ]
K = 21
nk = [ -1875212568 32699 -1875212568 32699 0 0 0 0 0 0 0 0 0 0 0 0 0 0 0 0 ]
First = [ 1 1 1 1 1 1 1 1 1 1 1 1 1 1 1 1 1 1 1 1 ]
Last = [ 1 1 1 1 1 1 1 1 1 1 1 1 1 1 1 1 1 1 1 1 ]
nS = 20
S = [ 1 1 1 1 1 1 1 1 1 1 1 1 1 1 1 1 1 1 1 1 ]
