n = 20 ; 
T = 48 ; 
Init = [ 1 1 1 1 1 0 1 1 1 0 1 0 1 0 0 0 1 1 1 1 ]
L = [ 7 6 4 3 6 4 3 7 4 4 7 4 7 4 4 6 3 6 2 5 ]
l = [ 7 6 4 3 6 4 3 7 4 4 7 4 7 4 4 6 3 6 2 5 ]
Pmin = [ 75 62 47 27 57 48 26 76 35 39 80 41 76 30 39 66 23 57 14 54 ]
Pmax = [ 75 62 47 27 57 48 26 76 35 39 80 41 76 30 39 66 23 57 14 54 ]
cf = [ 24.5205 32.6766 9.91853 55.0009 54.2636 34.0913 13.8269 58.4781 46.5383 17.3978 25.6611 50.0838 20.4641 40.7146 15.7804 26.2351 26.7295 8.0373 67.8982 49.5348 ]
c0 = [ 191 161 128 86 149 143 91 206 102 113 208 130 205 88 110 182 67 162 52 142 ]
cp = [ 24.218 15.6538 37.452 39.9662 23.7286 34.9373 40.8617 17.3464 31.9033 32.4549 13.3563 36.4786 10.3059 40.4287 40.2246 21.1616 38.7102 28.9275 41.4975 30.0528 ]
D = [ 247 286 341 394 460 504 564 596 665 714 746 802 878 804 720 645 538 469 541 650 731 605 471 375 270 286 337 397 453 504 538 585 643 695 758 773 843 753 712 633 578 503 573 629 718 598 512 380 ]
K = 21
nk = [ -1875212680 32699 -1875212680 32699 0 0 0 0 0 0 0 0 0 0 0 0 0 0 0 0 ]
First = [ 1 1 1 1 1 1 1 1 1 1 1 1 1 1 1 1 1 1 1 1 ]
Last = [ 1 1 1 1 1 1 1 1 1 1 1 1 1 1 1 1 1 1 1 1 ]
nS = 20
S = [ 1 1 1 1 1 1 1 1 1 1 1 1 1 1 1 1 1 1 1 1 ]
