n = 20 ; 
T = 48 ; 
Init = [ 1 1 1 1 1 1 1 1 1 1 0 0 0 0 0 0 0 0 0 0 ]
L = [ 5 5 5 5 8 8 8 8 8 8 8 8 8 9 9 5 5 5 5 7 ]
l = [ 5 5 5 5 8 8 8 8 8 8 8 8 8 9 9 5 5 5 5 7 ]
Pmin = [ 51 51 51 51 84 84 84 84 84 85 84 84 84 98 98 47 47 47 47 83 ]
Pmax = [ 51 51 51 51 84 84 84 84 84 85 84 84 84 98 98 47 47 47 47 83 ]
cf = [ 66.9667 66.9667 66.9667 66.9667 49.8255 49.8255 49.8255 49.8255 49.8255 10.2055 10.6185 10.6185 10.6185 37.8128 37.8128 23.3179 23.3179 23.3179 23.3179 20.7312 ]
c0 = [ 137 137 137 137 228 228 228 228 228 228 228 228 228 250 250 127 127 127 127 215 ]
cp = [ 26.5769 26.5769 26.5769 26.5769 15.7152 15.7152 15.7152 15.7152 15.7152 21.6902 15.8278 15.8278 15.8278 12.5294 12.5294 24.0352 24.0352 24.0352 24.0352 19.5719 ]
D = [ 324 371 491 570 649 723 802 866 960 1039 1071 1153 1229 1125 1028 933 801 728 856 974 1106 913 713 517 333 424 489 546 622 687 746 817 883 984 1015 1082 1194 1070 976 935 823 743 802 907 1014 873 679 525 ]
K = 7
nk = [ 1 1 1 1 2 2 2 2 2 3 4 4 4 5 5 6 6 6 6 7 ]
First = [ 1 0 0 0 1 0 0 0 0 1 1 0 0 1 0 1 0 0 0 1 ]
Last = [ 0 0 0 1 0 0 0 0 1 1 0 0 1 0 1 0 0 0 1 1 ]
nS = 20
S = [ 1 1 1 1 1 1 1 1 1 1 1 1 1 1 1 1 1 1 1 1 ]
