n = 20 ; 
T = 48 ; 
Init = [ 0 1 1 1 1 0 0 0 0 0 0 0 0 1 0 0 1 1 1 1 ]
L = [ 9 4 4 4 4 6 6 6 5 5 5 5 5 9 4 4 2 6 6 6 ]
l = [ 9 4 4 4 4 6 6 6 5 5 5 5 5 9 4 4 2 6 6 6 ]
Pmin = [ 100 53 53 53 53 66 66 66 57 57 57 57 57 97 36 36 23 67 67 67 ]
Pmax = [ 100 53 53 53 53 66 66 66 57 57 57 57 57 97 36 36 23 67 67 67 ]
cf = [ 13.3288 61.3652 61.3652 61.3652 61.3652 29.259 29.259 29.259 67.8882 67.8882 67.8882 67.8882 67.8882 16.3818 21.9038 21.9038 29.9647 60.6957 60.6957 60.6957 ]
c0 = [ 250 145 145 145 145 182 182 182 164 164 164 164 164 249 112 112 77 177 177 177 ]
cp = [ 8.79883 24.704 24.704 24.704 24.704 23.7777 23.7777 23.7777 33.5741 33.5741 33.5741 33.5741 33.5741 15.4993 34.918 34.918 37.5673 28.1516 28.1516 28.1516 ]
D = [ 344 386 455 513 523 616 632 725 746 839 846 918 969 921 851 771 667 632 728 858 956 794 625 485 324 375 448 486 552 631 672 729 817 851 923 1003 1038 932 861 771 716 590 687 792 869 721 597 457 ]
K = 8
nk = [ 1 2 2 2 2 3 3 3 4 4 4 4 4 5 6 6 7 8 8 8 ]
First = [ 1 1 0 0 0 1 0 0 1 0 0 0 0 1 1 0 1 1 0 0 ]
Last = [ 1 0 0 0 1 0 0 1 0 0 0 0 1 1 0 1 1 0 0 1 ]
nS = 20
S = [ 1 1 1 1 1 1 1 1 1 1 1 1 1 1 1 1 1 1 1 1 ]
