n = 20 ; 
T = 48 ; 
Init = [ 1 1 1 1 1 1 1 0 0 0 0 0 0 0 1 1 1 1 1 1 ]
L = [ 3 3 3 3 3 6 6 7 7 7 7 6 6 6 5 5 5 8 8 8 ]
l = [ 3 3 3 3 3 6 6 7 7 7 7 6 6 6 5 5 5 8 8 8 ]
Pmin = [ 28 28 28 28 28 65 65 78 78 78 78 70 70 70 45 45 45 74 74 74 ]
Pmax = [ 28 28 28 28 28 65 65 78 78 78 78 70 70 70 45 45 45 74 74 74 ]
cf = [ 15.4994 15.4994 15.4994 15.4994 15.4994 34.6545 34.6545 56.229 56.229 56.229 56.229 17.6785 17.6785 17.6785 14.493 14.493 14.493 49.62 49.62 49.62 ]
c0 = [ 86 86 86 86 86 180 180 206 206 206 206 187 187 187 128 128 128 197 197 197 ]
cp = [ 39.6276 39.6276 39.6276 39.6276 39.6276 19.9151 19.9151 23.3366 23.3366 23.3366 23.3366 34.7349 34.7349 34.7349 26.6596 26.6596 26.6596 16.084 16.084 16.084 ]
D = [ 272 309 405 430 480 577 614 678 744 799 861 907 991 900 826 754 676 582 662 746 840 692 556 422 276 345 415 468 528 610 654 705 765 860 918 974 1026 914 839 767 659 543 679 762 897 724 601 462 ]
K = 6
nk = [ 1 1 1 1 1 2 2 3 3 3 3 4 4 4 5 5 5 6 6 6 ]
First = [ 1 0 0 0 0 1 0 1 0 0 0 1 0 0 1 0 0 1 0 0 ]
Last = [ 0 0 0 0 1 0 1 0 0 0 1 0 0 1 0 0 1 0 0 1 ]
nS = 20
S = [ 1 1 1 1 1 1 1 1 1 1 1 1 1 1 1 1 1 1 1 1 ]
