n = 20 ; 
T = 48 ; 
Init = [ 0 1 0 0 1 0 0 0 0 1 1 1 0 0 0 1 0 1 0 1 ]
L = [ 3 10 8 10 8 9 8 2 3 5 8 8 5 7 10 4 5 3 4 7 ]
l = [ 3 10 8 10 8 9 8 2 3 5 8 8 5 7 10 4 5 3 4 7 ]
Pmin = [ 33 100 87 100 82 97 85 19 25 52 92 85 59 70 100 39 52 29 36 80 ]
Pmax = [ 33 100 87 100 82 97 85 19 25 52 92 85 59 70 100 39 52 29 36 80 ]
cf = [ 52.7998 69.9186 14.6467 22.4537 34.0764 28.4526 26.7563 15.9664 47.3841 45.0616 62.9136 51.9087 60.5356 24.7735 38.382 13.7009 16.6909 21.1363 63.1273 62.0866 ]
c0 = [ 91 250 227 250 212 250 231 74 86 142 242 227 171 196 250 112 136 89 101 203 ]
cp = [ 38.859 9.40236 16.9354 9.5968 17.0722 11.4645 11.7864 41.6297 35.1954 28.7628 22.2255 22.3949 17.8088 18.0202 17.1188 32.0009 39.2835 38.3039 33.2885 27.4347 ]
D = [ 363 422 455 524 575 652 703 769 852 909 985 1064 1119 1028 923 819 743 629 724 863 952 772 659 497 342 392 439 530 601 651 729 760 849 928 978 1060 1097 1012 934 876 779 691 773 884 968 785 633 493 ]
K = 21
nk = [ -1875212680 32699 -1875212680 32699 0 0 0 0 0 0 0 0 0 0 0 0 0 0 0 0 ]
First = [ 1 1 1 1 1 1 1 1 1 1 1 1 1 1 1 1 1 1 1 1 ]
Last = [ 1 1 1 1 1 1 1 1 1 1 1 1 1 1 1 1 1 1 1 1 ]
nS = 20
S = [ 1 1 1 1 1 1 1 1 1 1 1 1 1 1 1 1 1 1 1 1 ]
