n = 20 ; 
T = 48 ; 
Init = [ 0 0 0 0 0 0 1 1 1 1 1 1 1 0 0 0 0 0 0 0 ]
L = [ 3 3 3 3 3 8 8 8 8 8 9 9 9 3 3 3 3 9 9 6 ]
l = [ 3 3 3 3 3 8 8 8 8 8 9 9 9 3 3 3 3 9 9 6 ]
Pmin = [ 21 21 21 21 21 87 94 94 94 94 93 93 93 36 36 36 36 95 95 70 ]
Pmax = [ 21 21 21 21 21 87 94 94 94 94 93 93 93 36 36 36 36 95 95 70 ]
cf = [ 48.3448 48.3448 48.3448 48.3448 48.3448 51.5141 65.0105 65.0105 65.0105 65.0105 18.608 18.608 18.608 12.0684 12.0684 12.0684 12.0684 65.7379 65.7379 44.3737 ]
c0 = [ 71 71 71 71 71 235 246 246 246 246 240 240 240 117 117 117 117 250 250 185 ]
cp = [ 36.683 36.683 36.683 36.683 36.683 16.5137 17.5299 17.5299 17.5299 17.5299 13.2692 13.2692 13.2692 39.1116 39.1116 39.1116 39.1116 13.0309 13.0309 18.2245 ]
D = [ 323 355 413 480 550 611 702 724 795 850 916 981 1068 963 908 792 717 661 738 867 937 787 619 478 310 357 440 473 565 653 692 782 848 896 945 1053 1104 992 913 829 746 634 724 883 1010 835 617 466 ]
K = 7
nk = [ 1 1 1 1 1 2 3 3 3 3 4 4 4 5 5 5 5 6 6 7 ]
First = [ 1 0 0 0 0 1 1 0 0 0 1 0 0 1 0 0 0 1 0 1 ]
Last = [ 0 0 0 0 1 1 0 0 0 1 0 0 1 0 0 0 1 0 1 1 ]
nS = 20
S = [ 1 1 1 1 1 1 1 1 1 1 1 1 1 1 1 1 1 1 1 1 ]
