n = 20 ; 
T = 48 ; 
Init = [ 1 1 1 1 1 0 1 1 1 1 0 0 0 1 1 1 1 1 1 1 ]
L = [ 8 8 8 8 8 6 3 3 3 3 7 7 7 5 5 9 9 9 9 9 ]
l = [ 8 8 8 8 8 6 3 3 3 3 7 7 7 5 5 9 9 9 9 9 ]
Pmin = [ 91 91 91 91 91 70 29 29 29 29 75 75 75 52 52 90 90 90 90 90 ]
Pmax = [ 91 91 91 91 91 70 29 29 29 29 75 75 75 52 52 90 90 90 90 90 ]
cf = [ 16.2616 16.2616 16.2616 16.2616 16.2616 65.9103 37.8116 37.8116 37.8116 37.8116 43.2095 43.2095 43.2095 8.304 8.304 34.0372 34.0372 34.0372 34.0372 34.0372 ]
c0 = [ 244 244 244 244 244 191 98 98 98 98 203 203 203 137 137 245 245 245 245 245 ]
cp = [ 14.0058 14.0058 14.0058 14.0058 14.0058 23.7647 33.3663 33.3663 33.3663 33.3663 15.5223 15.5223 15.5223 31.2563 31.2563 14.2035 14.2035 14.2035 14.2035 14.2035 ]
D = [ 324 349 442 511 610 683 749 836 884 1012 1068 1138 1216 1134 1036 936 825 744 851 996 1081 881 673 499 278 385 449 525 592 704 803 866 968 1020 1111 1207 1239 1128 1030 937 825 666 791 926 1043 905 715 547 ]
K = 6
nk = [ 1 1 1 1 1 2 3 3 3 3 4 4 4 5 5 6 6 6 6 6 ]
First = [ 1 0 0 0 0 1 1 0 0 0 1 0 0 1 0 1 0 0 0 0 ]
Last = [ 0 0 0 0 1 1 0 0 0 1 0 0 1 0 1 0 0 0 0 1 ]
nS = 20
S = [ 1 1 1 1 1 1 1 1 1 1 1 1 1 1 1 1 1 1 1 1 ]
