n = 20 ; 
T = 48 ; 
Init = [ 0 0 0 1 1 1 1 1 1 1 1 1 1 1 1 1 1 1 0 0 ]
L = [ 6 6 6 9 9 9 9 9 7 7 7 7 7 7 7 7 7 7 4 4 ]
l = [ 6 6 6 9 9 9 9 9 7 7 7 7 7 7 7 7 7 7 4 4 ]
Pmin = [ 73 73 73 98 98 98 98 98 76 76 73 73 73 73 73 69 69 69 39 39 ]
Pmax = [ 73 73 73 98 98 98 98 98 76 76 73 73 73 73 73 69 69 69 39 39 ]
cf = [ 17.1473 17.1473 17.1473 41.7655 41.7655 41.7655 41.7655 41.7655 53.0372 53.0372 53.0353 53.0353 53.0353 53.0353 53.0353 67.2916 67.2916 67.2916 51.5065 51.5065 ]
c0 = [ 189 189 189 250 250 250 250 250 194 194 194 194 194 194 194 181 181 181 116 116 ]
cp = [ 22.7748 22.7748 22.7748 12.9331 12.9331 12.9331 12.9331 12.9331 22.1187 22.1187 20.0815 20.0815 20.0815 20.0815 20.0815 13.4103 13.4103 13.4103 34.1841 34.1841 ]
D = [ 374 441 540 586 692 774 839 908 1001 1126 1149 1287 1342 1230 1117 978 857 757 891 1011 1202 993 777 595 416 467 518 607 676 752 867 936 996 1100 1180 1224 1329 1226 1123 992 893 769 912 987 1131 935 742 498 ]
K = 6
nk = [ 1 1 1 2 2 2 2 2 3 3 4 4 4 4 4 5 5 5 6 6 ]
First = [ 1 0 0 1 0 0 0 0 1 0 1 0 0 0 0 1 0 0 1 0 ]
Last = [ 0 0 1 0 0 0 0 1 0 1 0 0 0 0 1 0 0 1 0 1 ]
nS = 20
S = [ 1 1 1 1 1 1 1 1 1 1 1 1 1 1 1 1 1 1 1 1 ]
