n = 20 ; 
T = 48 ; 
Init = [ 1 0 0 1 1 1 0 0 0 0 1 0 1 0 0 1 0 0 1 0 ]
L = [ 6 2 7 9 8 5 5 9 6 9 2 7 9 3 6 7 9 7 7 6 ]
l = [ 6 2 7 9 8 5 5 9 6 9 2 7 9 3 6 7 9 7 7 6 ]
Pmin = [ 65 21 72 98 82 63 57 99 73 94 26 76 100 36 61 72 96 74 76 68 ]
Pmax = [ 65 21 72 98 82 63 57 99 73 94 26 76 100 36 61 72 96 74 76 68 ]
cf = [ 51.1076 35.6344 20.9662 29.5852 17.1433 19.7548 56.1306 49.3952 54.6598 28.758 17.7039 24.391 32.5345 18.0123 15.6549 24.0128 37.462 61.3484 56.7151 49.0692 ]
c0 = [ 178 62 183 250 227 169 164 250 191 237 74 201 250 108 171 201 249 197 206 176 ]
cp = [ 23.7438 36.999 24.7756 17.1031 18.5437 28.2508 23.7677 12.4349 26.8467 12.2003 37.5042 22.0439 14.6157 31.9127 25.5787 31.3822 13.6332 16.121 20.7628 29.8699 ]
D = [ 419 458 557 584 687 757 819 852 908 979 1056 1115 1162 1077 985 909 815 728 853 940 1046 830 693 471 300 344 437 548 626 681 773 855 907 967 1040 1154 1226 1113 1029 928 814 687 863 977 1096 887 691 527 ]
K = 21
nk = [ -1875212680 32699 -1875212680 32699 0 0 0 0 0 0 0 0 0 0 0 0 0 0 0 0 ]
First = [ 1 1 1 1 1 1 1 1 1 1 1 1 1 1 1 1 1 1 1 1 ]
Last = [ 1 1 1 1 1 1 1 1 1 1 1 1 1 1 1 1 1 1 1 1 ]
nS = 20
S = [ 1 1 1 1 1 1 1 1 1 1 1 1 1 1 1 1 1 1 1 1 ]
