n = 20 ; 
T = 48 ; 
Init = [ 1 1 1 1 0 0 0 0 0 1 1 0 0 0 0 0 0 0 0 0 ]
L = [ 4 4 4 4 2 2 2 2 2 2 2 9 5 5 5 5 5 8 8 8 ]
l = [ 4 4 4 4 2 2 2 2 2 2 2 9 5 5 5 5 5 8 8 8 ]
Pmin = [ 41 41 41 41 13 13 13 13 13 16 16 89 55 55 55 55 55 84 84 84 ]
Pmax = [ 41 41 41 41 13 13 13 13 13 16 16 89 55 55 55 55 55 84 84 84 ]
cf = [ 36.3517 36.3517 36.3517 36.3517 37.9328 37.9328 37.9328 37.9328 37.9328 16.494 16.494 66.7753 50.7985 50.7985 50.7985 50.7985 50.7985 14.289 14.289 14.289 ]
c0 = [ 131 131 131 131 42 42 42 42 42 59 59 234 158 158 158 158 158 225 225 225 ]
cp = [ 31.3245 31.3245 31.3245 31.3245 41.3586 41.3586 41.3586 41.3586 41.3586 41.4856 41.4856 25.6486 28.1722 28.1722 28.1722 28.1722 28.1722 21.3274 21.3274 21.3274 ]
D = [ 245 277 300 371 384 429 469 518 550 584 624 671 708 666 602 559 504 443 516 568 617 509 394 308 190 252 296 322 368 445 480 531 574 619 665 737 784 715 627 557 474 427 498 548 628 524 433 345 ]
K = 6
nk = [ 1 1 1 1 2 2 2 2 2 3 3 4 5 5 5 5 5 6 6 6 ]
First = [ 1 0 0 0 1 0 0 0 0 1 0 1 1 0 0 0 0 1 0 0 ]
Last = [ 0 0 0 1 0 0 0 0 1 0 1 1 0 0 0 0 1 0 0 1 ]
nS = 20
S = [ 1 1 1 1 1 1 1 1 1 1 1 1 1 1 1 1 1 1 1 1 ]
