n = 20 ; 
T = 48 ; 
Init = [ 1 0 0 0 1 0 0 1 1 1 0 1 0 1 0 0 0 1 1 0 ]
L = [ 5 5 2 6 3 5 5 8 8 4 3 5 7 4 7 6 4 2 3 5 ]
l = [ 5 5 2 6 3 5 5 8 8 4 3 5 7 4 7 6 4 2 3 5 ]
Pmin = [ 53 46 26 59 17 46 49 81 89 52 38 46 68 45 72 60 35 22 31 51 ]
Pmax = [ 53 46 26 59 17 46 49 81 89 52 38 46 68 45 72 60 35 22 31 51 ]
cf = [ 19.1599 36.4311 39.4633 40.1857 66.5622 45.551 66.8044 35.2849 16.1978 69.6219 24.8003 27.5308 55.3887 42.9384 14.4172 15.1758 68.1925 12.8148 11.0344 54.5453 ]
c0 = [ 142 138 80 170 60 129 150 225 241 155 104 129 182 121 199 161 112 68 98 136 ]
cp = [ 30.5849 35.8863 34.561 15.2632 39.0179 32.5419 28.9858 15.9737 13.8082 36.8426 40.6088 28.3789 28.9897 33.1698 22.6396 26.3299 33.6577 40.7591 35.6923 26.2119 ]
D = [ 214 260 289 339 399 452 502 573 628 679 726 768 832 739 687 623 541 491 557 659 704 598 481 318 204 249 321 359 422 490 537 601 668 694 761 827 888 815 723 670 575 489 585 671 770 619 480 338 ]
K = 21
nk = [ -1875212568 32699 -1875212568 32699 0 0 0 0 0 0 0 0 0 0 0 0 0 0 0 0 ]
First = [ 1 1 1 1 1 1 1 1 1 1 1 1 1 1 1 1 1 1 1 1 ]
Last = [ 1 1 1 1 1 1 1 1 1 1 1 1 1 1 1 1 1 1 1 1 ]
nS = 20
S = [ 1 1 1 1 1 1 1 1 1 1 1 1 1 1 1 1 1 1 1 1 ]
