n = 20 ; 
T = 48 ; 
Init = [ 1 1 1 0 0 0 0 0 0 0 1 1 1 1 1 1 0 0 0 0 ]
L = [ 4 4 4 5 5 9 9 9 9 9 3 3 3 9 9 9 5 5 5 5 ]
l = [ 4 4 4 5 5 9 9 9 9 9 3 3 3 9 9 9 5 5 5 5 ]
Pmin = [ 44 44 44 46 46 94 94 94 94 96 24 24 24 99 99 99 41 41 41 41 ]
Pmax = [ 44 44 44 46 46 94 94 94 94 96 24 24 24 99 99 99 41 41 41 41 ]
cf = [ 16.7629 16.7629 16.7629 45.7632 45.7632 52.2458 52.2458 52.2458 52.2458 27.9967 15.6547 15.6547 15.6547 52.3222 52.3222 52.3222 59.2446 59.2446 59.2446 59.2446 ]
c0 = [ 131 131 131 137 137 246 246 246 246 250 85 85 85 250 250 250 113 113 113 113 ]
cp = [ 36.8557 36.8557 36.8557 34.1366 34.1366 11.671 11.671 11.671 11.671 16.4255 35.0706 35.0706 35.0706 13.3556 13.3556 13.3556 39.1722 39.1722 39.1722 39.1722 ]
D = [ 293 366 392 493 529 613 639 698 787 843 892 960 1022 950 865 807 708 661 758 851 926 800 641 476 303 375 455 490 575 644 701 759 840 894 928 1004 1093 977 896 787 713 604 699 785 847 722 619 500 ]
K = 7
nk = [ 1 1 1 2 2 3 3 3 3 4 5 5 5 6 6 6 7 7 7 7 ]
First = [ 1 0 0 1 0 1 0 0 0 1 1 0 0 1 0 0 1 0 0 0 ]
Last = [ 0 0 1 0 1 0 0 0 1 1 0 0 1 0 0 1 0 0 0 1 ]
nS = 20
S = [ 1 1 1 1 1 1 1 1 1 1 1 1 1 1 1 1 1 1 1 1 ]
