n = 20 ; 
T = 48 ; 
Init = [ 1 1 1 1 1 0 1 1 1 1 1 1 0 0 0 1 1 1 1 1 ]
L = [ 9 9 9 9 9 9 4 4 4 9 9 9 3 3 3 2 5 5 9 9 ]
l = [ 9 9 9 9 9 9 4 4 4 9 9 9 3 3 3 2 5 5 9 9 ]
Pmin = [ 100 100 100 100 100 100 43 43 43 98 98 98 23 35 35 23 52 57 100 100 ]
Pmax = [ 100 100 100 100 100 100 43 43 43 98 98 98 23 35 35 23 52 57 100 100 ]
cf = [ 36.8383 36.8383 36.8383 36.8383 36.8383 44.809 30.4852 30.4852 30.4852 25.1566 25.1566 25.1566 69.7465 29.2459 29.2459 50.5139 26.9513 12.5664 57.9547 57.9547 ]
c0 = [ 250 250 250 250 250 250 121 121 121 249 249 249 80 109 109 86 141 162 250 250 ]
cp = [ 10.3521 10.3521 10.3521 10.3521 10.3521 18.3762 30.6824 30.6824 30.6824 11.9002 11.9002 11.9002 40.3123 35.745 35.745 38.7605 36.3804 16.5914 13.1117 13.1117 ]
D = [ 404 503 543 648 708 764 826 894 994 1052 1103 1224 1243 1148 1016 953 815 721 824 982 1103 923 780 593 412 502 554 626 687 716 780 884 906 968 1045 1113 1155 1075 999 908 807 723 815 942 1098 916 733 514 ]
K = 10
nk = [ 1 1 1 1 1 2 3 3 3 4 4 4 5 6 6 7 8 9 10 10 ]
First = [ 1 0 0 0 0 1 1 0 0 1 0 0 1 1 0 1 1 1 1 0 ]
Last = [ 0 0 0 0 1 1 0 0 1 0 0 1 1 0 1 1 1 1 0 1 ]
nS = 20
S = [ 1 1 1 1 1 1 1 1 1 1 1 1 1 1 1 1 1 1 1 1 ]
