n = 20 ; 
T = 48 ; 
Init = [ 0 0 1 0 0 1 1 0 1 1 1 0 1 0 0 0 0 1 1 1 ]
L = [ 6 8 6 4 6 4 8 5 4 5 2 7 5 5 6 2 10 8 5 5 ]
l = [ 6 8 6 4 6 4 8 5 4 5 2 7 5 5 6 2 10 8 5 5 ]
Pmin = [ 60 79 68 47 63 43 81 54 35 40 23 78 57 53 65 16 99 88 52 52 ]
Pmax = [ 60 79 68 47 63 43 81 54 35 40 23 78 57 53 65 16 99 88 52 52 ]
cf = [ 68.175 52.0964 29.0547 41.0709 31.0648 11.1977 52.3874 41.9311 30.4802 7.03823 66.6695 52.4985 61.6463 54.1435 54.7527 26.691 31.1062 13.0419 66.6003 28.935 ]
c0 = [ 162 220 192 125 171 129 213 153 116 116 80 202 161 151 178 64 250 243 141 146 ]
cp = [ 30.4045 21.2311 23.4808 27.8053 26.52 30.9459 22.0638 27.3258 33.6815 23.1107 36.0901 20.2431 23.6605 31.7986 28.6019 41.7121 13.6097 27.9708 30.2922 28.7003 ]
D = [ 275 369 423 435 500 562 643 696 742 786 831 908 936 893 789 719 674 606 654 761 850 702 590 444 297 339 421 451 494 580 620 670 737 776 817 874 903 842 794 729 635 543 692 788 893 743 568 433 ]
K = 21
nk = [ -1875212680 32699 -1875212680 32699 0 0 0 0 0 0 0 0 0 0 0 0 0 0 0 0 ]
First = [ 1 1 1 1 1 1 1 1 1 1 1 1 1 1 1 1 1 1 1 1 ]
Last = [ 1 1 1 1 1 1 1 1 1 1 1 1 1 1 1 1 1 1 1 1 ]
nS = 20
S = [ 1 1 1 1 1 1 1 1 1 1 1 1 1 1 1 1 1 1 1 1 ]
