n = 20 ; 
T = 48 ; 
Init = [ 0 0 0 0 1 1 0 0 0 0 0 0 0 0 0 0 0 0 0 0 ]
L = [ 6 6 6 6 4 4 8 8 8 8 8 3 3 3 3 3 4 4 4 4 ]
l = [ 6 6 6 6 4 4 8 8 8 8 8 3 3 3 3 3 4 4 4 4 ]
Pmin = [ 59 59 59 59 36 36 92 92 92 92 92 38 38 38 38 38 39 39 39 39 ]
Pmax = [ 59 59 59 59 36 36 92 92 92 92 92 38 38 38 38 38 39 39 39 39 ]
cf = [ 29.3487 29.3487 29.3487 29.3487 55.5228 55.5228 58.136 58.136 58.136 58.136 58.136 28.9684 28.9684 28.9684 28.9684 28.9684 50.7125 50.7125 50.7125 50.7125 ]
c0 = [ 170 170 170 170 100 100 246 246 246 246 246 120 120 120 120 120 107 107 107 107 ]
cp = [ 25.6482 25.6482 25.6482 25.6482 37.8276 37.8276 23.243 23.243 23.243 23.243 23.243 37.3311 37.3311 37.3311 37.3311 37.3311 34.8021 34.8021 34.8021 34.8021 ]
D = [ 276 317 383 429 471 506 561 622 703 738 813 833 881 830 793 694 629 586 641 711 795 656 511 398 239 309 390 437 475 549 584 647 723 765 811 869 932 860 783 729 639 569 692 801 902 740 623 468 ]
K = 5
nk = [ 1 1 1 1 2 2 3 3 3 3 3 4 4 4 4 4 5 5 5 5 ]
First = [ 1 0 0 0 1 0 1 0 0 0 0 1 0 0 0 0 1 0 0 0 ]
Last = [ 0 0 0 1 0 1 0 0 0 0 1 0 0 0 0 1 0 0 0 1 ]
nS = 20
S = [ 1 1 1 1 1 1 1 1 1 1 1 1 1 1 1 1 1 1 1 1 ]
