n = 10 ; 
T = 24 ; 
Init = [ 1 0 0 0 1 0 0 0 0 0 ]
L = [ 6 3 4 4 3 6 6 6 5 5 ]
l = [ 6 3 4 4 3 6 6 6 5 5 ]
Pmin = [ 65 24 34 34 34 61 61 61 41 41 ]
Pmax = [ 250 90 124 124 122 223 223 223 150 150 ]
cf = [ 20.6523 34.3913 10.0545 10.0545 55.6534 13.2995 13.2995 13.2995 17.1107 17.1107 ]
c0 = [ 172 81 112 113 95 170 172 174 125 126 ]
cp = [ 25.2391 34.1549 39.7466 39.7466 34.6026 30.1467 30.1467 30.1467 25.8887 25.8887 ]
D = [ 371 438 535 585 700 764 858 930 1018 1126 1231 1329 1396 1290 1187 1043 965 809 969 1135 1265 1055 822 598 ]
K = 6
nk = [ 1 2 3 3 4 5 5 5 6 6 ]
First = [ 1 1 1 0 1 1 0 0 1 0 ]
Last = [ 1 1 0 1 1 0 0 1 0 1 ]
nS = 4
S = [ 1 0 1 0 1 1 0 0 0 0 ]
