n = 10 ; 
T = 24 ; 
Init = [ 0 0 1 1 1 1 1 1 1 0 ]
L = [ 6 6 3 3 7 7 7 7 7 5 ]
l = [ 6 6 3 3 7 7 7 7 7 5 ]
Pmin = [ 62 62 30 30 82 82 78 78 78 48 ]
Pmax = [ 217 217 90 90 328 328 288 288 288 174 ]
cf = [ 35.7678 35.7678 48.0981 48.0981 47.789 47.789 27.4618 27.4618 27.4618 24.8133 ]
c0 = [ 168 170 96 97 221 223 204 206 209 141 ]
cp = [ 20.9303 20.9303 38.4677 38.4677 14.8991 14.8991 17.6117 17.6117 17.6117 30.9225 ]
D = [ 566 696 813 935 1017 1159 1327 1433 1488 1625 1770 1860 2047 1843 1653 1504 1361 1097 1301 1482 1660 1396 1092 739 ]
K = 5
nk = [ 1 1 2 2 3 3 4 4 4 5 ]
First = [ 1 0 1 0 1 0 1 0 0 1 ]
Last = [ 0 1 0 1 0 1 0 0 1 1 ]
nS = 2
S = [ 1 0 0 0 0 0 1 0 0 0 ]
