n = 10 ; 
T = 24 ; 
Init = [ 1 1 1 1 1 0 0 0 0 0 ]
L = [ 8 8 5 5 5 3 3 3 4 4 ]
l = [ 8 8 5 5 5 3 3 3 4 4 ]
Pmin = [ 82 82 52 52 52 33 33 33 43 43 ]
Pmax = [ 322 322 176 176 176 95 95 95 171 171 ]
cf = [ 69.8856 69.8856 49.181 49.181 49.181 61.1924 61.1924 61.1924 45.3708 45.3708 ]
c0 = [ 228 231 149 150 153 95 96 97 120 121 ]
cp = [ 18.6253 18.6253 34.8741 34.8741 34.8741 38.071 38.071 38.071 33.675 33.675 ]
D = [ 531 590 712 760 843 959 1020 1151 1235 1302 1398 1492 1570 1409 1295 1225 1037 972 1130 1283 1413 1206 971 784 ]
K = 4
nk = [ 1 1 2 2 2 3 3 3 4 4 ]
First = [ 1 0 1 0 0 1 0 0 1 0 ]
Last = [ 0 1 0 0 1 0 0 1 0 1 ]
nS = 1
S = [ 1 0 0 0 0 0 0 0 0 0 ]
