n = 10 ; 
T = 24 ; 
Init = [ 1 1 1 1 0 1 1 1 0 0 ]
L = [ 5 5 5 6 8 5 5 5 10 10 ]
l = [ 5 5 5 6 8 5 5 5 10 10 ]
Pmin = [ 40 40 40 61 91 43 43 43 100 100 ]
Pmax = [ 155 155 155 230 347 166 166 166 420 420 ]
cf = [ 21.9629 21.9629 21.9629 28.7382 35.7668 63.1983 63.1983 63.1983 36.9832 36.9832 ]
c0 = [ 112 114 115 161 235 126 128 130 251 254 ]
cp = [ 30.4334 30.4334 30.4334 35.1267 20.3418 36.8964 36.8964 36.8964 8.1074 8.1074 ]
D = [ 734 809 902 1052 1205 1275 1429 1479 1645 1733 1823 1987 2123 1939 1774 1572 1448 1199 1421 1562 1687 1373 1160 863 ]
K = 5
nk = [ 1 1 1 2 3 4 4 4 5 5 ]
First = [ 1 0 0 1 1 1 0 0 1 0 ]
Last = [ 0 0 1 1 1 0 0 1 0 1 ]
nS = 4
S = [ 1 0 0 0 1 1 0 0 1 0 ]
