n = 10 ; 
T = 24 ; 
Init = [ 1 1 1 1 1 1 1 1 1 1 ]
L = [ 2 7 7 7 8 8 3 3 3 7 ]
l = [ 2 7 7 7 8 8 3 3 3 7 ]
Pmin = [ 23 74 74 74 79 79 26 26 26 73 ]
Pmax = [ 74 283 283 283 326 326 81 81 81 299 ]
cf = [ 26.5443 22.7487 22.7487 22.7487 13.3066 13.3066 53.0128 53.0128 53.0128 54.5995 ]
c0 = [ 74 191 193 196 201 203 93 94 95 205 ]
cp = [ 41.3382 12.2767 12.2767 12.2767 16.4501 16.4501 37.6282 37.6282 37.6282 24.6846 ]
D = [ 469 592 750 808 887 1012 1155 1220 1333 1465 1526 1695 1797 1653 1469 1368 1261 1072 1240 1384 1479 1277 943 702 ]
K = 5
nk = [ 1 2 2 2 3 3 4 4 4 5 ]
First = [ 1 1 0 0 1 0 1 0 0 1 ]
Last = [ 1 0 0 1 0 1 0 0 1 1 ]
nS = 3
S = [ 1 0 0 0 0 0 1 0 0 1 ]
