n = 10 ; 
T = 24 ; 
Init = [ 1 0 0 0 1 1 0 0 0 0 ]
L = [ 3 5 5 5 7 3 2 5 5 5 ]
l = [ 3 5 5 5 7 3 2 5 5 5 ]
Pmin = [ 39 54 54 54 72 20 20 56 56 56 ]
Pmax = [ 120 214 214 214 287 71 43 198 198 198 ]
cf = [ 19.049 47.4304 47.4304 47.4304 16.4622 60.5911 59.4649 30.7047 30.7047 30.7047 ]
c0 = [ 106 141 142 144 205 79 71 149 151 153 ]
cp = [ 38.8185 22.5466 22.5466 22.5466 16.0371 36.6733 40.0925 25.2619 25.2619 25.2619 ]
D = [ 462 548 652 716 832 889 993 1109 1161 1260 1350 1447 1558 1377 1234 1146 966 854 1014 1095 1265 1062 873 718 ]
K = 6
nk = [ 1 2 2 2 3 4 5 6 6 6 ]
First = [ 1 1 0 0 1 1 1 1 0 0 ]
Last = [ 1 0 0 1 1 1 1 0 0 1 ]
nS = 3
S = [ 1 1 0 0 0 0 0 1 0 0 ]
