n = 10 ; 
T = 24 ; 
Init = [ 0 0 0 1 0 0 0 0 1 1 ]
L = [ 8 8 8 9 5 5 5 9 8 8 ]
l = [ 8 8 8 9 5 5 5 9 8 8 ]
Pmin = [ 78 78 78 100 47 47 47 91 87 87 ]
Pmax = [ 320 320 320 420 161 161 161 375 361 361 ]
cf = [ 54.5378 54.5378 54.5378 48.1544 65.7276 65.7276 65.7276 12.9313 67.6051 67.6051 ]
c0 = [ 206 208 211 251 126 128 130 237 225 227 ]
cp = [ 12.703 12.703 12.703 11.5003 31.3234 31.3234 31.3234 13.7142 16.0309 16.0309 ]
D = [ 855 1043 1150 1288 1398 1581 1748 1896 2016 2096 2224 2452 2545 2290 2058 1872 1683 1439 1640 1944 2156 1818 1416 1054 ]
K = 5
nk = [ 1 1 1 2 3 3 3 4 5 5 ]
First = [ 1 0 0 1 1 0 0 1 1 0 ]
Last = [ 0 0 1 1 0 0 1 1 0 1 ]
nS = 2
S = [ 1 0 0 1 0 0 0 0 0 0 ]
