n = 10 ; 
T = 24 ; 
Init = [ 0 1 1 1 0 0 0 1 1 1 ]
L = [ 4 2 2 2 3 3 3 3 3 3 ]
l = [ 4 2 2 2 3 3 3 3 3 3 ]
Pmin = [ 40 28 28 28 21 21 21 21 21 21 ]
Pmax = [ 145 67 67 67 69 69 69 64 64 64 ]
cf = [ 41.0203 32.7862 32.7862 32.7862 54.3232 54.3232 54.3232 57.1815 57.1815 57.1815 ]
c0 = [ 117 95 96 97 63 64 65 76 76 77 ]
cp = [ 20.991 40.65 40.65 40.65 35.3518 35.3518 35.3518 38.1498 38.1498 38.1498 ]
D = [ 159 200 250 273 330 368 403 438 486 508 560 587 623 565 533 472 433 367 436 519 603 489 392 270 ]
K = 4
nk = [ 1 2 2 2 3 3 3 4 4 4 ]
First = [ 1 1 0 0 1 0 0 1 0 0 ]
Last = [ 1 0 0 1 0 0 1 0 0 1 ]
nS = 4
S = [ 1 1 0 0 1 0 0 1 0 0 ]
