n = 20 ; 
T = 24 ; 
Init = [ 0 1 0 1 1 1 0 0 0 0 0 0 0 0 0 0 1 1 0 0 ]
L = [ 3 5 8 9 9 9 9 3 3 3 9 9 9 9 4 5 10 10 5 5 ]
l = [ 3 5 8 9 9 9 9 3 3 3 9 9 9 9 4 5 10 10 5 5 ]
Pmin = [ 30 48 92 91 91 91 99 28 28 28 99 99 99 99 37 57 99 99 54 54 ]
Pmax = [ 91 187 354 367 367 367 402 76 76 76 393 393 393 393 145 215 412 412 185 185 ]
cf = [ 59.7193 34.8167 66.9848 64.066 64.066 64.066 65.4947 22.172 22.172 22.172 24.4477 24.4477 24.4477 24.4477 15.742 25.0738 45.7153 45.7153 14.2687 14.2687 ]
c0 = [ 90 140 251 245 248 251 251 88 89 91 251 254 258 263 110 149 251 254 158 160 ]
cp = [ 31.0784 22.0723 11.7696 12.2457 12.2457 12.2457 18.8066 38.2126 38.2126 38.2126 10.6748 10.6748 10.6748 10.6748 31.4473 32.3493 9.0593 9.0593 34.6472 34.6472 ]
D = [ 1536 1829 2165 2303 2775 2936 3320 3486 3758 4133 4303 4644 4807 4483 4173 3725 3291 2860 3370 3679 4097 3392 2540 1941 ]
K = 11
nk = [ 1 2 3 4 4 4 5 6 6 6 7 7 7 7 8 9 10 10 11 11 ]
First = [ 1 1 1 1 0 0 1 1 0 0 1 0 0 0 1 1 1 0 1 0 ]
Last = [ 1 1 1 0 0 1 1 0 0 1 0 0 0 1 1 1 0 1 0 1 ]
nS = 1
S = [ 0 0 0 0 0 0 0 0 0 0 0 0 0 0 0 0 0 0 0 0 ]
