n = 20 ; 
T = 24 ; 
Init = [ 0 0 0 0 0 0 0 0 0 0 0 0 1 1 1 1 1 0 0 0 ]
L = [ 9 9 3 3 4 4 4 4 4 5 5 5 5 5 3 3 3 7 3 3 ]
l = [ 9 9 3 3 4 4 4 4 4 5 5 5 5 5 3 3 3 7 3 3 ]
Pmin = [ 100 100 26 26 35 35 35 35 35 41 41 41 45 45 31 31 31 80 24 24 ]
Pmax = [ 420 420 90 90 125 125 125 125 125 161 161 161 156 156 100 100 100 316 56 56 ]
cf = [ 69.4613 69.4613 29.5024 29.5024 33.5204 33.5204 33.5204 33.5204 33.5204 35.5283 35.5283 35.5283 27.9108 27.9108 59.6776 59.6776 59.6776 11.5783 46.0731 46.0731 ]
c0 = [ 251 254 85 86 110 111 113 115 118 121 122 124 137 139 94 95 97 212 75 75 ]
cp = [ 10.0814 10.0814 39.2676 39.2676 35.3228 35.3228 35.3228 35.3228 35.3228 35.8399 35.8399 35.8399 31.1566 31.1566 32.388 32.388 32.388 13.368 35.8368 35.8368 ]
D = [ 723 808 1047 1240 1367 1553 1722 1769 1962 2135 2294 2424 2628 2481 2173 1966 1764 1585 1875 2158 2468 2090 1724 1332 ]
K = 8
nk = [ 1 1 2 2 3 3 3 3 3 4 4 4 5 5 6 6 6 7 8 8 ]
First = [ 1 0 1 0 1 0 0 0 0 1 0 0 1 0 1 0 0 1 1 0 ]
Last = [ 0 1 0 1 0 0 0 0 1 0 0 1 0 1 0 0 1 1 0 1 ]
nS = 1
S = [ 0 0 0 0 0 0 0 0 0 0 0 0 0 0 0 0 0 0 0 0 ]
