n = 20 ; 
T = 48 ; 
Init = [ 1 1 1 1 0 0 0 0 0 0 1 1 1 1 1 1 1 1 1 0 ]
L = [ 8 8 8 8 8 8 8 8 4 4 9 9 9 9 9 8 8 8 8 5 ]
l = [ 8 8 8 8 8 8 8 8 4 4 9 9 9 9 9 8 8 8 8 5 ]
Pmin = [ 87 87 87 87 87 87 87 87 47 47 94 94 94 94 94 88 88 88 88 44 ]
Pmax = [ 325 325 325 325 358 358 358 358 160 160 386 386 386 386 386 363 363 363 363 161 ]
cf = [ 14.763 14.763 14.763 14.763 61.1509 61.1509 61.1509 61.1509 40.2763 40.2763 47.5503 47.5503 47.5503 47.5503 47.5503 22.075 22.075 22.075 22.075 62.52 ]
c0 = [ 237 239 243 248 227 230 233 238 130 131 251 254 258 263 269 240 242 246 251 126 ]
cp = [ 18.3166 18.3166 18.3166 18.3166 16.9421 16.9421 16.9421 16.9421 29.0281 29.0281 16.9914 16.9914 16.9914 16.9914 16.9914 17.7477 17.7477 17.7477 17.7477 31.5201 ]
D = [ 1464 1774 2147 2546 2931 3112 3665 3980 4338 4658 5130 5394 5784 5264 4721 4192 3803 3397 3684 4402 4779 4168 3399 2544 1806 2128 2581 2900 3234 3459 3801 4218 4634 4928 5078 5450 5855 5300 4831 4080 3744 3244 3850 4590 5127 4324 3315 2595 ]
K = 6
nk = [ 1 1 1 1 2 2 2 2 3 3 4 4 4 4 4 5 5 5 5 6 ]
First = [ 1 0 0 0 1 0 0 0 1 0 1 0 0 0 0 1 0 0 0 1 ]
Last = [ 0 0 0 1 0 0 0 1 0 1 0 0 0 0 1 0 0 0 1 1 ]
nS = 1
S = [ 0 0 0 0 0 0 0 0 0 0 0 0 0 0 0 0 0 0 0 0 ]
