n = 20 ; 
T = 48 ; 
Init = [ 1 0 0 0 0 0 1 1 1 0 1 1 1 1 1 1 1 1 1 1 ]
L = [ 5 3 3 3 3 3 9 10 10 3 3 3 3 3 3 3 4 4 4 4 ]
l = [ 5 3 3 3 3 3 9 10 10 3 3 3 3 3 3 3 4 4 4 4 ]
Pmin = [ 54 30 30 30 30 30 98 100 100 26 25 25 25 25 25 25 39 39 39 39 ]
Pmax = [ 188 98 98 98 98 98 384 420 420 95 89 89 89 89 89 89 132 132 132 132 ]
cf = [ 17.0425 12.7021 12.7021 12.7021 12.7021 12.7021 25.327 39.4769 39.4769 19.0374 43.3715 43.3715 43.3715 43.3715 43.3715 43.3715 35.5237 35.5237 35.5237 35.5237 ]
c0 = [ 159 98 99 100 102 105 251 251 254 90 82 82 84 85 87 90 122 123 125 127 ]
cp = [ 24.9956 36.6483 36.6483 36.6483 36.6483 36.6483 13.9886 11.3993 11.3993 40.163 37.867 37.867 37.867 37.867 37.867 37.867 27.3599 27.3599 27.3599 27.3599 ]
D = [ 763 902 1102 1210 1350 1490 1686 1818 1982 2084 2298 2387 2596 2434 2182 2041 1818 1606 1850 1991 2264 1838 1422 1082 679 892 1021 1218 1356 1441 1625 1752 2002 2166 2305 2505 2609 2442 2210 1980 1755 1575 1833 1983 2109 1721 1356 995 ]
K = 7
nk = [ 1 2 2 2 2 2 3 4 4 5 6 6 6 6 6 6 7 7 7 7 ]
First = [ 1 1 0 0 0 0 1 1 0 1 1 0 0 0 0 0 1 0 0 0 ]
Last = [ 1 0 0 0 0 1 1 0 1 1 0 0 0 0 0 1 0 0 0 1 ]
nS = 1
S = [ 0 0 0 0 0 0 0 0 0 0 0 0 0 0 0 0 0 0 0 0 ]
