n = 20 ; 
T = 96 ; 
Init = [ 0 0 0 0 1 1 1 1 1 1 0 0 0 0 1 1 0 0 0 0 ]
L = [ 9 9 9 9 8 8 8 8 8 8 4 4 4 4 5 5 5 5 5 5 ]
l = [ 9 9 9 9 8 8 8 8 8 8 4 4 4 4 5 5 5 5 5 5 ]
Pmin = [ 100 100 100 100 86 86 86 86 86 86 36 36 36 36 58 58 51 51 51 51 ]
Pmax = [ 387 387 387 387 328 328 328 328 328 328 127 127 127 127 221 221 200 200 200 200 ]
cf = [ 62.2203 62.2203 62.2203 62.2203 28.9085 28.9085 28.9085 28.9085 28.9085 28.9085 19.1751 19.1751 19.1751 19.1751 10.7607 10.7607 32.3336 32.3336 32.3336 32.3336 ]
c0 = [ 251 254 258 263 219 221 224 228 234 240 107 108 110 112 167 168 139 141 143 146 ]
cp = [ 15.1977 15.1977 15.1977 15.1977 22.3169 22.3169 22.3169 22.3169 22.3169 22.3169 38.7557 38.7557 38.7557 38.7557 19.4996 19.4996 28.605 28.605 28.605 28.605 ]
D = [ 987 1271 1711 1968 2355 2479 2854 3129 3432 3778 4126 4334 4773 4334 3799 3529 3065 2498 2973 3438 4001 3269 2576 1820 1093 1254 1613 1963 2260 2572 2795 3123 3295 3700 4026 4241 4479 4030 3700 3247 2901 2517 3054 3383 3836 3153 2573 1991 1349 1657 1861 2095 2476 2746 2991 3187 3394 3682 3976 4092 4420 4016 3669 3316 2766 2570 2957 3531 4141 3463 2674 2014 1453 1753 1919 2081 2337 2699 2783 3061 3421 3664 3901 4090 4379 3910 3605 3295 3068 2577 3033 3504 3813 3268 2563 1803 ]
K = 5
nk = [ 1 1 1 1 2 2 2 2 2 2 3 3 3 3 4 4 5 5 5 5 ]
First = [ 1 0 0 0 1 0 0 0 0 0 1 0 0 0 1 0 1 0 0 0 ]
Last = [ 0 0 0 1 0 0 0 0 0 1 0 0 0 1 0 1 0 0 0 1 ]
nS = 1
S = [ 0 0 0 0 0 0 0 0 0 0 0 0 0 0 0 0 0 0 0 0 ]
