n = 20 ; 
T = 96 ; 
Init = [ 1 1 1 1 0 0 0 0 0 0 0 0 0 0 0 0 0 1 1 1 ]
L = [ 6 6 6 6 10 10 10 10 10 10 10 9 9 9 9 9 9 9 9 9 ]
l = [ 6 6 6 6 10 10 10 10 10 10 10 9 9 9 9 9 9 9 9 9 ]
Pmin = [ 62 62 62 62 100 100 100 100 100 100 100 95 95 95 95 95 95 100 100 100 ]
Pmax = [ 242 242 242 242 417 417 417 417 417 417 419 364 364 364 364 364 364 388 388 388 ]
cf = [ 49.0788 49.0788 49.0788 49.0788 28.0702 28.0702 28.0702 28.0702 28.0702 28.0702 58.2329 53.5771 53.5771 53.5771 53.5771 53.5771 53.5771 32.9271 32.9271 32.9271 ]
c0 = [ 181 183 185 189 251 254 258 263 269 276 251 251 254 258 263 269 276 251 254 258 ]
cp = [ 24.2356 24.2356 24.2356 24.2356 10.6537 10.6537 10.6537 10.6537 10.6537 10.6537 9.46269 16.4365 16.4365 16.4365 16.4365 16.4365 16.4365 12.1356 12.1356 12.1356 ]
D = [ 1640 1911 2403 2746 3110 3431 3740 4297 4467 5045 5217 5545 5934 5606 5119 4643 4153 3544 4259 4519 5092 4241 3552 2725 1775 2104 2403 2839 3297 3575 4011 4138 4651 4991 5214 5651 5800 5448 4792 4548 3896 3530 4168 4859 5596 4558 3597 2594 1516 1743 2348 2766 2952 3362 3899 4311 4528 4852 5436 5653 6149 5653 5080 4536 4163 3546 4239 4809 5534 4700 3790 2689 1721 2302 2418 2811 3318 3463 3941 4180 4762 4973 5328 5555 5960 5630 5162 4768 4363 3848 4267 4721 5265 4545 3726 2670 ]
K = 5
nk = [ 1 1 1 1 2 2 2 2 2 2 3 4 4 4 4 4 4 5 5 5 ]
First = [ 1 0 0 0 1 0 0 0 0 0 1 1 0 0 0 0 0 1 0 0 ]
Last = [ 0 0 0 1 0 0 0 0 0 1 1 0 0 0 0 0 1 0 0 1 ]
nS = 1
S = [ 0 0 0 0 0 0 0 0 0 0 0 0 0 0 0 0 0 0 0 0 ]
