n = 10 ; 
T = 96 ; 
Init = [ 0 0 1 1 1 0 0 1 1 0 ]
L = [ 6 6 18 18 14 15 15 10 9 20 ]
l = [ 6 6 18 18 14 15 15 10 9 20 ]
Pmin = [ 72 72 397 418 308 291 291 171 174 420 ]
Pmax = [ 72 72 397 418 308 291 291 171 174 420 ]
cf = [ 34.7336 34.7336 45.713 42.9127 34.2696 25.9747 25.9747 43.3359 34.8517 69.3699 ]
c0 = [ 96 96 248 250 197 195 195 142 145 250 ]
cp = [ 32.4139 32.4139 18.5406 13.5346 21.2018 19.3797 19.3797 25.5221 26.2964 8.21623 ]
D = [ 610 698 775 800 839 957 964 1067 1091 1171 1228 1277 1355 1432 1496 1532 1670 1752 1783 1802 1870 1930 2039 2061 2131 2098 1980 1857 1753 1729 1609 1516 1411 1305 1278 1351 1504 1519 1632 1744 1881 1713 1538 1416 1262 1087 937 752 570 710 759 862 871 994 981 1057 1153 1244 1307 1389 1440 1465 1588 1647 1673 1797 1881 1901 2010 2029 2056 2152 2285 2122 2056 1898 1874 1714 1634 1587 1498 1296 1284 1346 1513 1630 1701 1792 1932 1729 1565 1418 1278 1169 1014 832 ]
K = 8
nk = [ 1 1 2 3 4 5 5 6 7 8 ]
First = [ 1 0 1 1 1 1 0 1 1 1 ]
Last = [ 0 1 1 1 1 0 1 1 1 1 ]
nS = 1
S = [ 0 1 2 3 4 5 6 7 8 9 ]
