n = 10 ; 
T = 96 ; 
Init = [ 0 1 1 1 1 1 1 1 1 1 ]
L = [ 11 13 13 10 10 19 19 17 13 13 ]
l = [ 11 13 13 10 10 19 19 17 13 13 ]
Pmin = [ 239 248 248 183 183 420 420 348 277 277 ]
Pmax = [ 239 248 248 183 183 420 420 348 277 277 ]
cf = [ 41.3502 40.0558 40.0558 62.9902 62.9902 50.2113 50.2113 12.4236 19.7659 19.7659 ]
c0 = [ 176 166 166 135 135 250 250 233 204 204 ]
cp = [ 30.124 23.9604 23.9604 20.6383 20.6383 12.6313 12.6313 16.4486 17.2718 17.2718 ]
D = [ 704 833 830 891 1004 1119 1166 1218 1226 1331 1357 1400 1483 1571 1674 1736 1827 1814 1918 1986 2019 2136 2125 2211 2342 2208 2172 2030 1906 1807 1773 1665 1630 1528 1416 1497 1627 1679 1861 1934 2026 1804 1719 1577 1379 1218 1074 902 715 801 921 963 986 1050 1169 1179 1297 1280 1342 1445 1517 1565 1703 1731 1753 1870 1895 1965 2039 2078 2220 2176 2341 2195 2140 1971 1926 1871 1692 1671 1523 1514 1357 1523 1643 1783 2009 2068 2241 2105 1843 1663 1397 1208 992 797 ]
K = 6
nk = [ 1 2 2 3 3 4 4 5 6 6 ]
First = [ 1 1 0 1 0 1 0 1 1 0 ]
Last = [ 1 0 1 0 1 0 1 1 0 1 ]
nS = 1
S = [ 0 1 2 3 4 5 6 7 8 9 ]
