n = 10 ; 
T = 96 ; 
Init = [ 1 1 1 0 0 0 0 1 1 0 ]
L = [ 19 19 19 11 11 11 15 11 7 10 ]
l = [ 19 19 19 11 11 11 15 11 7 10 ]
Pmin = [ 420 420 420 230 230 230 336 218 130 209 ]
Pmax = [ 420 420 420 230 230 230 336 218 130 209 ]
cf = [ 68.0999 68.0999 68.0999 34.2201 34.2201 34.2201 17.0638 64.0526 11.7396 9.09581 ]
c0 = [ 250 250 250 174 174 174 225 167 114 144 ]
cp = [ 12.6998 12.6998 12.6998 16.5447 16.5447 16.5447 20.4513 25.5691 36.1804 33.1449 ]
D = [ 665 736 864 966 1022 1061 1132 1233 1358 1396 1465 1494 1627 1725 1777 1795 1946 1938 2038 2161 2171 2267 2338 2429 2455 2457 2342 2182 2029 1996 1904 1713 1675 1523 1473 1527 1678 1735 1929 2016 2150 1919 1769 1542 1334 1162 991 746 558 635 726 789 860 1014 1034 1181 1238 1290 1395 1409 1520 1563 1726 1778 1900 1920 1990 2069 2129 2274 2335 2412 2461 2404 2239 2156 2091 2022 1888 1811 1627 1621 1530 1531 1679 1721 1907 1921 2050 1899 1713 1625 1439 1225 1111 970 ]
K = 6
nk = [ 1 1 1 2 2 2 3 4 5 6 ]
First = [ 1 0 0 1 0 0 1 1 1 1 ]
Last = [ 0 0 1 0 0 1 1 1 1 1 ]
nS = 1
S = [ 0 1 2 3 4 5 6 7 8 9 ]
