n = 10 ; 
T = 96 ; 
Init = [ 1 1 0 0 0 1 1 0 0 1 ]
L = [ 19 19 11 15 15 13 13 14 14 6 ]
l = [ 19 19 11 15 15 13 13 14 14 6 ]
Pmin = [ 406 406 217 320 320 248 248 306 306 87 ]
Pmax = [ 406 406 217 320 320 248 248 306 306 87 ]
cf = [ 11.0343 11.0343 15.3907 52.2104 52.2104 45.5232 45.5232 18.8738 18.8738 46.7233 ]
c0 = [ 250 250 170 201 201 158 158 212 212 97 ]
cp = [ 12.9113 12.9113 29.5074 13.4822 13.4822 15.9664 15.9664 25.2349 25.2349 39.3644 ]
D = [ 807 851 947 1056 1054 1185 1180 1330 1432 1406 1563 1636 1698 1769 1809 1914 1992 2039 2097 2162 2276 2269 2388 2491 2576 2390 2337 2262 2146 2010 1952 1785 1736 1587 1458 1680 1708 1848 2034 2207 2250 2082 1934 1643 1475 1294 1151 875 681 817 865 928 999 1073 1122 1274 1277 1376 1467 1538 1610 1678 1762 1845 1970 1983 2094 2131 2190 2319 2381 2453 2519 2427 2301 2218 2037 1941 1819 1710 1676 1526 1405 1488 1687 1775 1935 2063 2175 1939 1764 1576 1448 1283 1103 910 ]
K = 6
nk = [ 1 1 2 3 3 4 4 5 5 6 ]
First = [ 1 0 1 1 0 1 0 1 0 1 ]
Last = [ 0 1 1 0 1 0 1 0 1 1 ]
nS = 1
S = [ 0 1 2 3 4 5 6 7 8 9 ]
