n = 10 ; 
T = 96 ; 
Init = [ 0 0 0 0 0 1 1 1 1 1 ]
L = [ 5 5 6 6 6 12 12 12 12 16 ]
l = [ 5 5 6 6 6 12 12 12 12 16 ]
Pmin = [ 76 76 103 103 103 227 227 227 227 333 ]
Pmax = [ 76 76 103 103 103 227 227 227 227 333 ]
cf = [ 64.462 64.462 46.8515 46.8515 46.8515 58.653 58.653 58.653 58.653 24.1768 ]
c0 = [ 93 93 84 84 84 159 159 159 159 233 ]
cp = [ 32.3569 32.3569 39.8387 39.8387 39.8387 29.5855 29.5855 29.5855 29.5855 14.2009 ]
D = [ 532 517 581 626 663 684 735 775 825 832 885 896 936 973 1017 1044 1079 1172 1212 1210 1264 1304 1316 1401 1407 1350 1323 1261 1154 1102 1089 1041 937 881 842 949 1020 1071 1181 1264 1352 1277 1133 1023 880 811 691 545 476 476 553 566 595 666 698 732 778 819 874 922 912 987 1020 1042 1072 1169 1192 1193 1260 1287 1326 1371 1391 1371 1283 1273 1181 1141 1063 1011 998 956 876 903 1010 1040 1128 1173 1271 1142 1030 982 820 768 633 529 ]
K = 4
nk = [ 1 1 2 2 2 3 3 3 3 4 ]
First = [ 1 0 1 0 0 1 0 0 0 1 ]
Last = [ 0 1 0 0 1 0 0 0 1 1 ]
nS = 1
S = [ 0 1 2 3 4 5 6 7 8 9 ]
