n = 10 ; 
T = 96 ; 
Init = [ 0 0 1 0 0 1 1 0 0 0 ]
L = [ 9 9 14 12 11 8 8 4 17 15 ]
l = [ 9 9 14 12 11 8 8 4 17 15 ]
Pmin = [ 178 178 278 238 219 119 119 33 364 328 ]
Pmax = [ 178 178 278 238 219 119 119 33 364 328 ]
cf = [ 69.6854 69.6854 43.9361 24.1234 20.9137 66.4557 66.4557 39.8396 37.2984 39.5633 ]
c0 = [ 143 143 189 174 175 112 112 48 250 214 ]
cp = [ 30.0514 30.0514 20.8469 35.9617 20.7137 28.4605 28.4605 41.2205 15.4423 19.8446 ]
D = [ 589 628 672 745 745 843 859 928 969 970 1008 1125 1144 1167 1228 1266 1299 1326 1421 1449 1453 1514 1539 1627 1656 1588 1540 1508 1436 1356 1268 1192 1190 1101 1055 1072 1181 1252 1375 1399 1509 1418 1225 1102 991 896 768 645 498 573 597 700 707 762 858 930 960 1042 1093 1097 1197 1265 1297 1303 1414 1470 1505 1569 1641 1679 1759 1781 1816 1762 1659 1605 1540 1411 1341 1245 1217 1115 985 1087 1246 1334 1370 1503 1618 1494 1337 1175 1064 882 753 614 ]
K = 8
nk = [ 1 1 2 3 4 5 5 6 7 8 ]
First = [ 1 0 1 1 1 1 0 1 1 1 ]
Last = [ 0 1 1 1 1 0 1 1 1 1 ]
nS = 1
S = [ 0 1 2 3 4 5 6 7 8 9 ]
