n = 10 ; 
T = 96 ; 
Init = [ 1 1 1 1 1 1 1 0 0 0 ]
L = [ 16 19 14 11 11 9 11 11 11 9 ]
l = [ 16 19 14 11 11 9 11 11 11 9 ]
Pmin = [ 319 406 296 222 222 178 212 223 223 152 ]
Pmax = [ 319 406 296 222 222 178 212 223 223 152 ]
cf = [ 46.9288 44.1741 32.7804 24.0264 24.0264 18.3246 9.62374 42.9602 42.9602 14.56 ]
c0 = [ 211 250 207 178 178 130 162 155 155 110 ]
cp = [ 11.6877 9.7465 17.8048 26.0734 26.0734 20.2964 30.0607 25.1679 25.1679 31.0537 ]
D = [ 585 649 638 701 792 906 954 978 1059 1140 1232 1287 1352 1463 1548 1563 1632 1713 1808 1864 1936 2017 2027 2152 2161 2078 1956 1942 1778 1764 1612 1489 1470 1337 1208 1307 1412 1555 1609 1727 1882 1717 1579 1389 1267 1145 1000 879 735 787 819 835 859 970 1014 1019 1072 1186 1265 1279 1357 1437 1457 1480 1514 1553 1633 1744 1788 1822 1857 1923 1956 1886 1859 1788 1729 1643 1512 1502 1414 1359 1214 1367 1444 1561 1665 1741 1819 1704 1496 1354 1265 1121 949 840 ]
K = 8
nk = [ 1 2 3 4 4 5 6 7 7 8 ]
First = [ 1 1 1 1 0 1 1 1 0 1 ]
Last = [ 1 1 1 0 1 1 1 0 1 1 ]
nS = 1
S = [ 0 1 2 3 4 5 6 7 8 9 ]
