n = 10 ; 
T = 96 ; 
Init = [ 1 1 1 1 1 1 1 1 1 0 ]
L = [ 8 8 5 5 17 17 6 6 18 10 ]
l = [ 8 8 5 5 17 17 6 6 18 10 ]
Pmin = [ 133 133 67 67 379 379 76 76 414 197 ]
Pmax = [ 133 133 67 67 379 379 76 76 414 197 ]
cf = [ 61.7004 61.7004 46.7824 46.7824 10.6421 10.6421 39.8195 39.8195 12.5392 63.3468 ]
c0 = [ 102 102 81 81 244 244 85 85 250 145 ]
cp = [ 35.9064 35.9064 39.5749 39.5749 14.9183 14.9183 37.0222 37.0222 14.1896 26.6486 ]
D = [ 501 565 567 653 715 702 803 829 860 900 938 1003 1061 1036 1086 1173 1231 1263 1306 1323 1398 1427 1465 1489 1566 1450 1386 1333 1332 1207 1216 1102 1074 966 972 1041 1107 1249 1301 1433 1495 1405 1268 1130 1049 920 750 683 570 608 624 712 746 769 840 886 901 919 996 1040 1048 1100 1193 1249 1259 1313 1336 1377 1415 1497 1500 1605 1638 1589 1491 1446 1347 1340 1231 1155 1140 1080 971 1081 1136 1266 1300 1402 1428 1291 1190 1052 923 793 666 579 ]
K = 6
nk = [ 1 1 2 2 3 3 4 4 5 6 ]
First = [ 1 0 1 0 1 0 1 0 1 1 ]
Last = [ 0 1 0 1 0 1 0 1 1 1 ]
nS = 1
S = [ 0 1 2 3 4 5 6 7 8 9 ]
