n = 10 ; 
T = 96 ; 
Init = [ 1 0 0 0 0 1 1 0 0 0 ]
L = [ 18 10 10 5 5 11 11 13 11 16 ]
l = [ 18 10 10 5 5 11 11 13 11 16 ]
Pmin = [ 400 195 195 74 74 210 210 277 206 331 ]
Pmax = [ 400 195 195 74 74 210 210 277 206 331 ]
cf = [ 39.9576 67.5959 67.5959 32.0795 32.0795 14.1005 14.1005 32.0731 13.2251 46.1447 ]
c0 = [ 250 150 150 75 75 146 146 197 150 237 ]
cp = [ 15.7771 27.8338 27.8338 37.3421 37.3421 23.2688 23.2688 21.9837 20.2267 21.0431 ]
D = [ 581 616 707 748 814 862 937 1029 1072 1144 1140 1222 1311 1363 1414 1460 1489 1578 1576 1667 1694 1753 1803 1928 1985 1822 1796 1706 1610 1542 1433 1380 1291 1218 1150 1164 1262 1392 1528 1614 1673 1509 1381 1233 1065 932 861 666 489 625 608 645 751 814 838 874 912 967 997 1133 1116 1152 1203 1308 1384 1425 1406 1463 1520 1584 1617 1685 1736 1681 1584 1526 1456 1374 1332 1241 1156 1134 1028 1162 1229 1347 1379 1519 1555 1443 1371 1216 1089 1017 829 727 ]
K = 7
nk = [ 1 2 2 3 3 4 4 5 6 7 ]
First = [ 1 1 0 1 0 1 0 1 1 1 ]
Last = [ 1 0 1 0 1 0 1 1 1 1 ]
nS = 1
S = [ 0 1 2 3 4 5 6 7 8 9 ]
