n = 10 ; 
T = 96 ; 
Init = [ 1 1 1 1 1 1 1 1 1 0 ]
L = [ 17 17 17 5 5 12 12 12 7 14 ]
l = [ 17 17 17 5 5 12 12 12 7 14 ]
Pmin = [ 377 377 377 56 56 248 248 248 88 283 ]
Pmax = [ 377 377 377 56 56 248 248 248 88 283 ]
cf = [ 16.8896 16.8896 16.8896 18.3291 18.3291 17.6524 17.6524 17.6524 16.5728 24.8958 ]
c0 = [ 247 247 247 81 81 169 169 169 90 191 ]
cp = [ 13.067 13.067 13.067 40.564 40.564 24.4732 24.4732 24.4732 32.3369 25.3433 ]
D = [ 492 513 574 650 750 771 811 889 995 984 1041 1104 1213 1277 1343 1356 1474 1543 1555 1670 1657 1784 1816 1858 1922 1835 1776 1675 1669 1578 1532 1415 1379 1239 1231 1319 1412 1562 1666 1710 1883 1724 1510 1376 1220 1107 925 732 614 632 687 818 850 876 979 994 1141 1200 1252 1237 1362 1396 1463 1539 1571 1671 1720 1748 1883 1858 1980 2061 2103 2040 1930 1844 1703 1662 1566 1507 1423 1320 1235 1304 1441 1580 1601 1729 1867 1613 1496 1339 1151 1039 802 680 ]
K = 5
nk = [ 1 1 1 2 2 3 3 3 4 5 ]
First = [ 1 0 0 1 0 1 0 0 1 1 ]
Last = [ 0 0 1 0 1 0 0 1 1 1 ]
nS = 1
S = [ 0 1 2 3 4 5 6 7 8 9 ]
