n = 10 ; 
T = 96 ; 
Init = [ 0 0 0 0 1 1 1 1 0 0 ]
L = [ 9 9 9 6 19 15 15 15 10 10 ]
l = [ 9 9 9 6 19 15 15 15 10 10 ]
Pmin = [ 163 163 163 84 411 317 317 317 215 215 ]
Pmax = [ 163 163 163 84 411 317 317 317 215 215 ]
cf = [ 46.6033 46.6033 46.6033 36.6737 40.7485 58.1994 58.1994 58.1994 59.408 59.408 ]
c0 = [ 123 123 123 91 250 224 224 224 151 151 ]
cp = [ 27.3028 27.3028 27.3028 37.693 9.28726 18.173 18.173 18.173 20.464 20.464 ]
D = [ 480 524 563 670 734 770 821 918 984 1082 1120 1156 1269 1329 1324 1366 1481 1555 1604 1651 1726 1743 1847 1945 1973 1880 1851 1784 1650 1552 1464 1463 1346 1235 1183 1231 1351 1450 1533 1562 1697 1522 1386 1245 1068 958 797 674 510 582 637 648 770 838 889 992 1051 1085 1151 1272 1333 1363 1425 1502 1532 1634 1668 1767 1881 1923 1996 2055 2085 2018 1868 1803 1746 1660 1523 1424 1343 1194 1134 1204 1341 1361 1467 1596 1678 1544 1393 1229 1154 998 844 636 ]
K = 5
nk = [ 1 1 1 2 3 4 4 4 5 5 ]
First = [ 1 0 0 1 1 1 0 0 1 0 ]
Last = [ 0 0 1 1 1 0 0 1 0 1 ]
nS = 1
S = [ 0 1 2 3 4 5 6 7 8 9 ]
