n = 10 ; 
T = 96 ; 
Init = [ 1 1 1 0 0 0 0 0 1 0 ]
L = [ 19 19 10 11 11 16 16 13 6 19 ]
l = [ 19 19 10 11 11 16 16 13 6 19 ]
Pmin = [ 412 412 193 219 219 360 360 271 99 420 ]
Pmax = [ 412 412 193 219 219 360 360 271 99 420 ]
cf = [ 32.6427 32.6427 28.2173 29.6763 29.6763 66.8548 66.8548 16.6037 60.2243 57.1372 ]
c0 = [ 250 250 149 161 161 245 245 185 91 250 ]
cp = [ 15.0236 15.0236 28.3733 35.8514 35.8514 14.4876 14.4876 14.6077 36.3915 9.63122 ]
D = [ 685 727 819 851 957 987 1094 1141 1190 1305 1380 1467 1520 1642 1672 1743 1802 1942 2015 2025 2189 2226 2349 2403 2503 2388 2312 2218 2145 1957 1868 1869 1765 1690 1528 1650 1724 1907 1999 2045 2149 1946 1828 1615 1458 1294 1074 900 691 800 825 871 995 1017 1081 1227 1250 1289 1421 1461 1548 1697 1707 1754 1891 1961 2007 2130 2153 2292 2329 2376 2484 2358 2315 2212 2034 1929 1871 1806 1616 1508 1414 1635 1717 1855 2028 2176 2277 2069 1980 1772 1520 1366 1248 1058 ]
K = 7
nk = [ 1 1 2 3 3 4 4 5 6 7 ]
First = [ 1 0 1 1 0 1 0 1 1 1 ]
Last = [ 0 1 1 0 1 0 1 1 1 1 ]
nS = 1
S = [ 0 1 2 3 4 5 6 7 8 9 ]
