n = 10 ; 
T = 96 ; 
Init = [ 1 0 0 0 0 0 1 1 0 0 ]
L = [ 8 4 18 18 20 20 14 14 16 16 ]
l = [ 8 4 18 18 20 20 14 14 16 16 ]
Pmin = [ 152 59 394 394 412 412 292 292 340 340 ]
Pmax = [ 152 59 394 394 412 412 292 292 340 340 ]
cf = [ 62.5673 40.0627 51.1746 51.1746 49.1617 49.1617 45.2659 45.2659 41.263 41.263 ]
c0 = [ 117 77 250 250 250 250 208 208 237 237 ]
cp = [ 33.2239 40.871 21.8389 21.8389 8.356 8.356 25.861 25.861 19.3328 19.3328 ]
D = [ 773 774 844 921 1016 1107 1178 1342 1388 1504 1519 1622 1718 1791 1822 1954 2021 2132 2162 2225 2328 2473 2471 2603 2659 2576 2486 2301 2211 2083 2011 1824 1738 1531 1462 1661 1734 1925 2083 2243 2345 2196 1889 1765 1484 1251 1054 881 677 717 802 861 933 956 1047 1114 1311 1337 1441 1553 1510 1664 1701 1824 1865 1913 1991 2099 2181 2228 2394 2458 2524 2438 2342 2202 2141 2079 1971 1851 1749 1648 1631 1736 1792 1877 2092 2143 2298 2122 1911 1775 1550 1421 1205 1066 ]
K = 6
nk = [ 1 2 3 3 4 4 5 5 6 6 ]
First = [ 1 1 1 0 1 0 1 0 1 0 ]
Last = [ 1 1 0 1 0 1 0 1 0 1 ]
nS = 1
S = [ 0 1 2 3 4 5 6 7 8 9 ]
