n = 10 ; 
T = 96 ; 
Init = [ 1 1 1 1 0 0 1 1 1 0 ]
L = [ 16 16 16 16 12 12 6 6 6 18 ]
l = [ 16 16 16 16 12 12 6 6 6 18 ]
Pmin = [ 310 310 310 310 247 247 99 99 99 380 ]
Pmax = [ 310 310 310 310 247 247 99 99 99 380 ]
cf = [ 46.623 46.623 46.623 46.623 16.7708 16.7708 17.2201 17.2201 17.2201 43.3648 ]
c0 = [ 210 210 210 210 167 167 85 85 85 241 ]
cp = [ 19.896 19.896 19.896 19.896 31.4772 31.4772 32.1121 32.1121 32.1121 15.9358 ]
D = [ 619 662 738 821 832 922 947 1037 1119 1201 1279 1305 1338 1414 1515 1560 1671 1726 1772 1826 1858 1930 1988 2121 2193 2025 1937 1837 1782 1638 1577 1477 1408 1261 1179 1250 1418 1491 1587 1676 1765 1630 1437 1347 1222 1064 857 778 598 673 764 803 887 879 960 997 1122 1201 1265 1244 1337 1375 1521 1493 1624 1665 1725 1770 1859 1878 1944 2021 2075 2059 1964 1886 1732 1677 1623 1515 1377 1351 1220 1399 1502 1590 1647 1813 1917 1789 1587 1438 1189 1070 927 748 ]
K = 4
nk = [ 1 1 1 1 2 2 3 3 3 4 ]
First = [ 1 0 0 0 1 0 1 0 0 1 ]
Last = [ 0 0 0 1 0 1 0 0 1 1 ]
nS = 1
S = [ 0 1 2 3 4 5 6 7 8 9 ]
