n = 10 ; 
T = 96 ; 
Init = [ 0 0 0 0 1 0 0 0 1 1 ]
L = [ 11 17 17 5 15 15 6 6 10 10 ]
l = [ 11 17 17 5 15 15 6 6 10 10 ]
Pmin = [ 234 341 341 41 321 308 105 121 187 187 ]
Pmax = [ 234 341 341 41 321 308 105 121 187 187 ]
cf = [ 33.5428 12.8408 12.8408 54.0687 44.5721 33.9671 25.1881 43.9692 33.1216 33.1216 ]
c0 = [ 167 227 227 64 201 207 93 110 141 141 ]
cp = [ 22.3916 22.29 22.29 39.3471 19.3821 22.9424 39.8386 38.9765 30.6156 30.6156 ]
D = [ 588 648 662 773 822 827 855 922 1007 1033 1095 1106 1232 1216 1273 1352 1410 1439 1487 1531 1633 1669 1740 1739 1818 1724 1702 1573 1510 1432 1417 1355 1284 1143 1140 1231 1296 1433 1452 1549 1660 1528 1335 1183 1070 883 757 562 475 472 563 567 700 734 746 873 876 985 1026 1046 1137 1175 1253 1300 1350 1432 1409 1482 1526 1592 1707 1718 1813 1680 1688 1599 1505 1419 1425 1301 1243 1198 1109 1182 1255 1352 1409 1515 1578 1493 1351 1148 1045 924 800 604 ]
K = 8
nk = [ 1 2 2 3 4 5 6 7 8 8 ]
First = [ 1 1 0 1 1 1 1 1 1 0 ]
Last = [ 1 0 1 1 1 1 1 1 0 1 ]
nS = 1
S = [ 0 1 2 3 4 5 6 7 8 9 ]
