n = 10 ; 
T = 96 ; 
Init = [ 1 1 1 0 1 1 1 1 1 1 ]
L = [ 8 8 8 16 5 5 8 8 5 8 ]
l = [ 8 8 8 16 5 5 8 8 5 8 ]
Pmin = [ 129 129 129 343 65 65 140 140 82 149 ]
Pmax = [ 129 129 129 343 65 65 140 140 82 149 ]
cf = [ 68.1154 68.1154 68.1154 37.7668 14.548 14.548 34.2719 34.2719 68.3913 69.2951 ]
c0 = [ 106 106 106 236 67 67 108 108 88 109 ]
cp = [ 27.4581 27.4581 27.4581 16.0873 40.1227 40.1227 16.2952 16.2952 40.1948 33.055 ]
D = [ 298 307 366 377 446 484 500 525 557 628 662 682 721 721 795 808 826 873 921 955 978 1026 1055 1098 1134 1106 1046 1022 929 925 865 836 750 714 660 713 786 873 915 984 1052 941 844 764 672 559 512 402 306 327 379 407 469 487 523 570 574 625 687 699 742 796 821 836 872 906 984 1000 1028 1064 1135 1141 1165 1131 1095 1034 981 923 876 853 779 749 662 733 803 889 970 1007 1108 991 891 775 676 565 482 382 ]
K = 6
nk = [ 1 1 1 2 3 3 4 4 5 6 ]
First = [ 1 0 0 1 1 0 1 0 1 1 ]
Last = [ 0 0 1 1 0 1 0 1 1 1 ]
nS = 1
S = [ 0 1 2 3 4 5 6 7 8 9 ]
