n = 10 ; 
T = 96 ; 
Init = [ 0 1 1 1 0 0 0 1 1 1 ]
L = [ 7 18 18 18 6 6 6 13 13 13 ]
l = [ 7 18 18 18 6 6 6 13 13 13 ]
Pmin = [ 109 407 407 407 78 78 78 263 263 263 ]
Pmax = [ 109 407 407 407 78 78 78 263 263 263 ]
cf = [ 14.2584 35.5542 35.5542 35.5542 18.9153 18.9153 18.9153 42.2771 42.2771 42.2771 ]
c0 = [ 101 250 250 250 94 94 94 178 178 178 ]
cp = [ 38.5544 20.0816 20.0816 20.0816 40.3403 40.3403 40.3403 26.6158 26.6158 26.6158 ]
D = [ 481 631 651 758 761 850 927 985 1025 1146 1158 1271 1269 1326 1395 1502 1533 1634 1716 1783 1842 1929 1942 1997 2061 1965 1901 1846 1740 1620 1576 1478 1348 1258 1202 1271 1371 1399 1461 1535 1619 1512 1424 1231 1116 1031 879 731 600 626 701 778 831 846 908 931 992 1047 1124 1185 1273 1343 1334 1373 1428 1510 1558 1638 1671 1752 1851 1837 1900 1854 1792 1723 1663 1583 1440 1407 1299 1269 1163 1314 1317 1479 1503 1606 1767 1572 1439 1298 1118 1014 858 676 ]
K = 4
nk = [ 1 2 2 2 3 3 3 4 4 4 ]
First = [ 1 1 0 0 1 0 0 1 0 0 ]
Last = [ 1 0 0 1 0 0 1 0 0 1 ]
nS = 1
S = [ 0 1 2 3 4 5 6 7 8 9 ]
