n = 10 ; 
T = 96 ; 
Init = [ 0 0 1 0 0 1 1 1 0 0 ]
L = [ 5 5 11 9 9 17 9 9 13 13 ]
l = [ 5 5 11 9 9 17 9 9 13 13 ]
Pmin = [ 83 83 210 153 153 355 139 139 251 251 ]
Pmax = [ 83 83 210 153 153 355 139 139 251 251 ]
cf = [ 23.9723 23.9723 15.5537 34.784 34.784 51.7909 38.7849 38.7849 42.8204 42.8204 ]
c0 = [ 97 97 156 136 136 238 113 113 189 189 ]
cp = [ 40.549 40.549 27.7506 31.9478 31.9478 23.5808 32.9196 32.9196 22.8027 22.8027 ]
D = [ 389 454 493 569 607 671 692 756 798 861 887 926 1036 1048 1095 1139 1225 1261 1328 1360 1455 1454 1514 1544 1661 1577 1460 1423 1330 1246 1177 1167 1095 1013 953 1013 1087 1142 1214 1278 1343 1272 1135 997 886 815 670 593 456 473 510 562 606 676 707 738 810 828 858 918 947 1036 1023 1105 1118 1167 1240 1224 1321 1371 1357 1426 1443 1445 1374 1281 1227 1226 1135 1105 1079 982 962 974 1087 1091 1164 1234 1287 1177 1096 966 830 694 604 511 ]
K = 6
nk = [ 1 1 2 3 3 4 5 5 6 6 ]
First = [ 1 0 1 1 0 1 1 0 1 0 ]
Last = [ 0 1 1 0 1 1 0 1 0 1 ]
nS = 1
S = [ 0 1 2 3 4 5 6 7 8 9 ]
