n = 10 ; 
T = 96 ; 
Init = [ 1 1 1 1 0 0 0 0 1 1 ]
L = [ 17 17 13 13 11 11 18 11 7 17 ]
l = [ 17 17 13 13 11 11 18 11 7 17 ]
Pmin = [ 375 375 278 278 217 217 367 244 106 383 ]
Pmax = [ 375 375 278 278 217 217 367 244 106 383 ]
cf = [ 68.1709 68.1709 11.7365 11.7365 39.7586 39.7586 46.0441 13.788 36.1233 54.1518 ]
c0 = [ 249 249 198 198 167 167 239 169 103 250 ]
cp = [ 14.3054 14.3054 18.3637 18.3637 36.8761 36.8761 18.8085 19.74 32.9991 19.0197 ]
D = [ 704 782 879 955 976 1068 1160 1163 1323 1302 1450 1438 1575 1641 1701 1749 1846 1918 2016 2011 2138 2163 2304 2341 2446 2338 2174 2139 1978 1943 1879 1735 1594 1558 1421 1533 1709 1783 1829 1981 2079 1820 1737 1519 1371 1164 1038 804 651 722 754 866 979 1069 1114 1170 1290 1396 1405 1468 1530 1669 1698 1853 1828 1914 2071 2074 2136 2249 2390 2420 2468 2367 2298 2243 2120 1965 1829 1755 1708 1527 1489 1558 1699 1709 1873 1942 1982 1824 1741 1514 1417 1172 1024 938 ]
K = 7
nk = [ 1 1 2 2 3 3 4 5 6 7 ]
First = [ 1 0 1 0 1 0 1 1 1 1 ]
Last = [ 0 1 0 1 0 1 1 1 1 1 ]
nS = 1
S = [ 0 1 2 3 4 5 6 7 8 9 ]
