n = 10 ; 
T = 96 ; 
Init = [ 1 0 0 0 0 0 0 1 1 1 ]
L = [ 15 11 11 11 13 8 8 15 15 12 ]
l = [ 15 11 11 11 13 8 8 15 15 12 ]
Pmin = [ 320 219 219 219 292 155 155 295 295 257 ]
Pmax = [ 320 219 219 219 292 155 155 295 295 257 ]
cf = [ 43.401 13.3371 13.3371 13.3371 14.0503 39.5669 39.5669 52.7921 52.7921 30.8478 ]
c0 = [ 224 163 163 163 207 126 126 197 197 199 ]
cp = [ 27.9874 28.1634 28.1634 28.1634 34.3325 26.7951 26.7951 27.3132 27.3132 21.5933 ]
D = [ 665 709 798 850 924 941 1026 1056 1154 1173 1243 1312 1397 1461 1442 1534 1599 1632 1724 1732 1881 1940 1930 2041 2101 2010 1885 1843 1744 1666 1521 1443 1348 1233 1147 1267 1406 1449 1636 1716 1815 1642 1458 1310 1141 976 859 695 551 534 676 716 762 857 890 949 990 1036 1190 1206 1258 1326 1373 1455 1504 1619 1691 1731 1827 1818 1950 1948 2083 1969 1887 1759 1690 1572 1523 1430 1328 1260 1144 1302 1348 1477 1533 1653 1765 1584 1525 1298 1217 1044 933 837 ]
K = 6
nk = [ 1 2 2 2 3 4 4 5 5 6 ]
First = [ 1 1 0 0 1 1 0 1 0 1 ]
Last = [ 1 0 0 1 1 0 1 0 1 1 ]
nS = 1
S = [ 0 1 2 3 4 5 6 7 8 9 ]
