n = 10 ; 
T = 96 ; 
Init = [ 0 0 0 1 1 1 1 1 1 1 ]
L = [ 7 7 7 10 10 10 10 13 13 11 ]
l = [ 7 7 7 10 10 10 10 13 13 11 ]
Pmin = [ 122 122 122 213 213 213 213 278 278 200 ]
Pmax = [ 122 122 122 213 213 213 213 278 278 200 ]
cf = [ 53.4471 53.4471 53.4471 29.421 29.421 29.421 29.421 48.8982 48.8982 28.7568 ]
c0 = [ 123 123 123 169 169 169 169 187 187 155 ]
cp = [ 41.0517 41.0517 41.0517 33.09 33.09 33.09 33.09 24.6847 24.6847 32.2798 ]
D = [ 504 594 572 678 722 731 798 828 889 916 985 994 1024 1101 1108 1144 1213 1269 1330 1374 1433 1453 1483 1500 1611 1550 1466 1355 1312 1277 1206 1149 1081 1022 948 1033 1092 1193 1343 1418 1503 1381 1205 1138 970 835 760 616 494 537 541 642 663 698 741 870 897 946 991 1023 1061 1102 1182 1232 1332 1319 1364 1469 1486 1589 1574 1662 1738 1664 1554 1498 1406 1315 1302 1178 1157 1096 1023 1033 1174 1232 1319 1358 1413 1307 1217 1071 954 814 746 598 ]
K = 4
nk = [ 1 1 1 2 2 2 2 3 3 4 ]
First = [ 1 0 0 1 0 0 0 1 0 1 ]
Last = [ 0 0 1 0 0 0 1 0 1 1 ]
nS = 1
S = [ 0 1 2 3 4 5 6 7 8 9 ]
