n = 10 ; 
T = 96 ; 
Init = [ 1 1 1 0 0 1 1 0 0 1 ]
L = [ 17 17 14 7 10 16 16 17 17 8 ]
l = [ 17 17 14 7 10 16 16 17 17 8 ]
Pmin = [ 349 349 284 117 170 359 359 347 347 164 ]
Pmax = [ 349 349 284 117 170 359 359 347 347 164 ]
cf = [ 47.0741 47.0741 25.8069 49.3687 28.5443 26.7139 26.7139 40.7886 40.7886 40.7853 ]
c0 = [ 242 242 192 105 118 242 242 234 234 123 ]
cp = [ 15.2749 15.2749 20.8552 31.7084 28.0114 12.921 12.921 15.9603 15.9603 35.2886 ]
D = [ 677 724 824 925 1010 1079 1117 1270 1360 1359 1433 1578 1598 1681 1823 1871 1872 1976 2066 2144 2244 2360 2437 2497 2574 2492 2286 2199 2118 1949 1842 1722 1636 1551 1454 1615 1647 1863 1984 2029 2167 1973 1888 1656 1468 1334 1072 922 769 806 850 981 1037 1104 1152 1262 1332 1370 1505 1488 1653 1707 1707 1845 1893 1923 2071 2108 2122 2221 2366 2430 2450 2339 2303 2195 2003 1951 1816 1769 1683 1520 1420 1536 1700 1794 1836 1998 2059 1887 1796 1559 1483 1321 1152 938 ]
K = 7
nk = [ 1 1 2 3 4 5 5 6 6 7 ]
First = [ 1 0 1 1 1 1 0 1 0 1 ]
Last = [ 0 1 1 1 1 0 1 0 1 1 ]
nS = 1
S = [ 0 1 2 3 4 5 6 7 8 9 ]
