n = 10 ; 
T = 96 ; 
Init = [ 1 1 1 1 1 0 0 1 1 0 ]
L = [ 12 14 14 14 14 15 15 16 16 9 ]
l = [ 12 14 14 14 14 15 15 16 16 9 ]
Pmin = [ 248 274 274 293 293 294 294 344 344 176 ]
Pmax = [ 248 274 274 293 293 294 294 344 344 176 ]
cf = [ 19.4417 19.9915 19.9915 47.7836 47.7836 61.2052 61.2052 20.4313 20.4313 7.07188 ]
c0 = [ 185 179 179 210 210 213 213 246 246 150 ]
cp = [ 28.329 16.1857 16.1857 28.1134 28.1134 22.5971 22.5971 17.015 17.015 24.1157 ]
D = [ 832 903 943 1048 1106 1156 1290 1312 1331 1474 1496 1603 1582 1677 1726 1851 1896 1946 2007 2076 2166 2204 2343 2401 2398 2289 2280 2112 2071 1948 1890 1719 1716 1631 1500 1575 1674 1811 1956 2008 2109 1929 1740 1586 1436 1230 1023 852 716 755 805 939 950 1038 1110 1205 1214 1322 1393 1523 1480 1633 1643 1744 1822 1892 1987 2062 2119 2123 2223 2251 2336 2278 2211 2098 1934 1847 1784 1703 1586 1506 1377 1544 1710 1814 1893 2114 2144 2021 1873 1586 1434 1228 1087 946 ]
K = 6
nk = [ 1 2 2 3 3 4 4 5 5 6 ]
First = [ 1 1 0 1 0 1 0 1 0 1 ]
Last = [ 1 0 1 0 1 0 1 0 1 1 ]
nS = 1
S = [ 0 1 2 3 4 5 6 7 8 9 ]
