n = 10 ; 
T = 96 ; 
Init = [ 0 0 0 1 1 1 1 1 1 1 ]
L = [ 5 5 16 10 10 11 14 14 12 5 ]
l = [ 5 5 16 10 10 11 14 14 12 5 ]
Pmin = [ 86 86 321 163 163 240 301 301 237 58 ]
Pmax = [ 86 86 321 163 163 240 301 301 237 58 ]
cf = [ 32.2203 32.2203 48.1013 58.2558 58.2558 40.2442 46.9806 46.9806 50.4114 19.8553 ]
c0 = [ 99 99 210 127 127 179 199 199 176 89 ]
cp = [ 39.3847 39.3847 16.5319 34.2601 34.2601 36.9671 17.5455 17.5455 27.9444 37.5949 ]
D = [ 483 500 532 563 660 697 749 802 849 845 898 978 1055 1078 1091 1164 1171 1282 1289 1351 1392 1403 1506 1521 1597 1537 1478 1387 1327 1306 1241 1133 1082 1081 957 1093 1139 1235 1300 1346 1470 1347 1233 1114 969 821 728 622 536 584 612 664 711 706 758 842 910 912 1004 1051 1067 1140 1157 1192 1254 1318 1400 1457 1446 1527 1556 1594 1622 1627 1508 1487 1362 1351 1280 1239 1149 1058 1020 1082 1169 1288 1386 1415 1566 1400 1278 1091 950 873 674 546 ]
K = 7
nk = [ 1 1 2 3 3 4 5 5 6 7 ]
First = [ 1 0 1 1 0 1 1 0 1 1 ]
Last = [ 0 1 1 0 1 1 0 1 1 1 ]
nS = 1
S = [ 0 1 2 3 4 5 6 7 8 9 ]
