n = 10 ; 
T = 96 ; 
Init = [ 1 1 1 1 1 1 1 0 0 0 ]
L = [ 13 13 7 7 17 16 16 12 19 19 ]
l = [ 13 13 7 7 17 16 16 12 19 19 ]
Pmin = [ 253 253 139 139 355 340 340 252 414 414 ]
Pmax = [ 253 253 139 139 355 340 340 252 414 414 ]
cf = [ 45.7162 45.7162 18.563 18.563 45.1187 63.7906 63.7906 58.8197 33.5514 33.5514 ]
c0 = [ 169 169 112 112 235 230 230 172 250 250 ]
cp = [ 28.7815 28.7815 32.272 32.272 16.4377 17.9394 17.9394 27.6011 16.1792 16.1792 ]
D = [ 673 753 854 930 971 1026 1092 1209 1211 1363 1471 1490 1590 1639 1682 1791 1823 1932 1974 2157 2141 2252 2327 2351 2506 2327 2242 2220 2041 1987 1785 1683 1632 1572 1469 1478 1607 1705 1869 1924 1982 1903 1742 1548 1326 1132 971 820 700 756 807 936 1014 1034 1092 1222 1263 1326 1397 1485 1552 1643 1757 1818 1854 1919 2051 2063 2138 2247 2324 2377 2496 2408 2285 2194 2001 1911 1831 1764 1654 1549 1419 1559 1645 1860 1939 2106 2191 2047 1892 1634 1505 1272 1116 831 ]
K = 6
nk = [ 1 1 2 2 3 4 4 5 6 6 ]
First = [ 1 0 1 0 1 1 0 1 1 0 ]
Last = [ 0 1 0 1 1 0 1 1 0 1 ]
nS = 1
S = [ 0 1 2 3 4 5 6 7 8 9 ]
