n = 10 ; 
T = 96 ; 
Init = [ 1 1 1 1 0 0 0 0 0 0 ]
L = [ 13 13 13 13 19 19 19 5 5 14 ]
l = [ 13 13 13 13 19 19 19 5 5 14 ]
Pmin = [ 259 259 259 259 387 387 387 71 71 289 ]
Pmax = [ 259 259 259 259 387 387 387 71 71 289 ]
cf = [ 61.5854 61.5854 61.5854 61.5854 26.1481 26.1481 26.1481 45.5801 45.5801 43.4414 ]
c0 = [ 173 173 173 173 250 250 250 73 73 185 ]
cp = [ 26.7098 26.7098 26.7098 26.7098 10.4136 10.4136 10.4136 37.0989 37.0989 16.5154 ]
D = [ 505 574 699 752 835 887 969 982 1051 1179 1160 1299 1307 1418 1413 1568 1602 1643 1725 1756 1893 1904 2008 2099 2173 2066 1993 1807 1743 1631 1569 1501 1392 1284 1203 1310 1492 1521 1681 1760 1956 1762 1540 1409 1259 1071 924 848 675 675 719 848 863 914 1068 1058 1135 1204 1279 1335 1412 1482 1505 1604 1619 1715 1794 1877 1909 2014 2001 2108 2225 2041 2051 1942 1805 1726 1695 1642 1498 1447 1354 1433 1535 1593 1704 1715 1883 1655 1520 1352 1236 1059 926 761 ]
K = 4
nk = [ 1 1 1 1 2 2 2 3 3 4 ]
First = [ 1 0 0 0 1 0 0 1 0 1 ]
Last = [ 0 0 0 1 0 0 1 0 1 1 ]
nS = 1
S = [ 0 1 2 3 4 5 6 7 8 9 ]
