n = 10 ; 
T = 96 ; 
Init = [ 0 0 0 1 1 0 0 0 1 0 ]
L = [ 6 6 14 16 16 14 14 10 17 11 ]
l = [ 6 6 14 16 16 14 14 10 17 11 ]
Pmin = [ 100 100 300 346 333 304 304 185 363 199 ]
Pmax = [ 100 100 300 346 333 304 304 185 363 199 ]
cf = [ 18.9234 18.9234 9.83698 63.5543 46.2063 33.2215 33.2215 59.5646 51.5599 11.3928 ]
c0 = [ 116 116 224 229 225 213 213 152 250 143 ]
cp = [ 40.0606 40.0606 18.9255 14.0877 15.7683 10.7552 10.7552 24.3157 15.5509 31.4754 ]
D = [ 715 766 831 845 954 981 1018 1120 1186 1186 1258 1359 1361 1449 1476 1536 1647 1659 1704 1787 1880 1967 2037 2065 2149 2006 1939 1918 1798 1741 1600 1554 1488 1454 1363 1398 1487 1528 1606 1700 1784 1641 1544 1337 1222 991 885 721 593 644 702 732 894 906 994 1073 1122 1242 1229 1322 1426 1473 1576 1645 1691 1811 1886 1944 2022 2044 2144 2146 2219 2142 2055 1996 1833 1757 1660 1624 1529 1418 1341 1436 1467 1608 1711 1822 1910 1778 1657 1423 1266 1177 1043 862 ]
K = 8
nk = [ 1 1 2 3 4 5 5 6 7 8 ]
First = [ 1 0 1 1 1 1 0 1 1 1 ]
Last = [ 0 1 1 1 1 0 1 1 1 1 ]
nS = 1
S = [ 0 1 2 3 4 5 6 7 8 9 ]
