n = 10 ; 
T = 96 ; 
Init = [ 0 0 0 1 1 1 1 1 1 0 ]
L = [ 18 18 7 10 15 16 16 7 7 7 ]
l = [ 18 18 7 10 15 16 16 7 7 7 ]
Pmin = [ 401 401 85 182 309 348 348 133 133 142 ]
Pmax = [ 401 401 85 182 309 348 348 133 133 142 ]
cf = [ 53.9827 53.9827 60.358 11.9196 27.7968 68.0318 68.0318 51.5598 51.5598 21.5117 ]
c0 = [ 250 250 103 131 212 240 240 121 121 113 ]
cp = [ 13.9168 13.9168 35.9639 32.8496 19.5573 18.9992 18.9992 38.0284 38.0284 36.7896 ]
D = [ 570 653 679 722 861 917 961 1027 1048 1172 1184 1235 1370 1359 1462 1564 1623 1637 1662 1747 1825 1923 1960 2010 2040 1999 1943 1892 1749 1648 1628 1568 1486 1330 1348 1425 1542 1623 1703 1777 1919 1792 1601 1460 1358 1206 1004 898 722 735 808 847 982 983 1058 1170 1230 1224 1333 1415 1407 1490 1585 1655 1714 1781 1790 1873 1899 2018 2051 2076 2145 2066 1986 1910 1797 1682 1651 1478 1413 1295 1199 1295 1404 1509 1656 1664 1801 1645 1522 1338 1204 1015 840 704 ]
K = 7
nk = [ 1 1 2 3 4 5 5 6 6 7 ]
First = [ 1 0 1 1 1 1 0 1 0 1 ]
Last = [ 0 1 1 1 1 0 1 0 1 1 ]
nS = 1
S = [ 0 1 2 3 4 5 6 7 8 9 ]
