n = 10 ; 
T = 96 ; 
Init = [ 0 0 0 0 0 0 0 0 0 0 ]
L = [ 17 17 17 17 15 15 15 18 18 18 ]
l = [ 17 17 17 17 15 15 15 18 18 18 ]
Pmin = [ 375 375 375 375 303 303 303 378 378 378 ]
Pmax = [ 375 375 375 375 303 303 303 378 378 378 ]
cf = [ 38.5241 38.5241 38.5241 38.5241 59.6695 59.6695 59.6695 61.4744 61.4744 61.4744 ]
c0 = [ 243 243 243 243 224 224 224 240 240 240 ]
cp = [ 19.0469 19.0469 19.0469 19.0469 28.8957 28.8957 28.8957 10.9624 10.9624 10.9624 ]
D = [ 1102 1155 1217 1311 1324 1406 1514 1526 1681 1705 1873 1920 1935 2098 2135 2228 2261 2346 2443 2463 2653 2661 2703 2813 2988 2866 2663 2609 2503 2364 2247 2152 1989 1856 1777 1960 2101 2321 2438 2656 2822 2507 2313 2037 1806 1713 1452 1176 965 1039 1122 1181 1305 1446 1509 1464 1599 1678 1722 1835 1946 2015 2110 2141 2169 2323 2361 2438 2477 2603 2670 2697 2783 2744 2572 2445 2434 2226 2150 1990 1921 1851 1673 1780 2047 2127 2253 2436 2659 2371 2207 1941 1644 1498 1327 981 ]
K = 3
nk = [ 1 1 1 1 2 2 2 3 3 3 ]
First = [ 1 0 0 0 1 0 0 1 0 0 ]
Last = [ 0 0 0 1 0 0 1 0 0 1 ]
nS = 1
S = [ 0 1 2 3 4 5 6 7 8 9 ]
