n = 10 ; 
T = 96 ; 
Init = [ 0 0 0 0 1 1 1 1 0 0 ]
L = [ 6 20 19 19 18 18 18 18 8 8 ]
l = [ 6 20 19 19 18 18 18 18 8 8 ]
Pmin = [ 104 420 412 412 395 395 389 389 138 138 ]
Pmax = [ 104 420 412 412 395 395 389 389 138 138 ]
cf = [ 38.5612 44.9268 14.4467 14.4467 55.5347 55.5347 31.3805 31.3805 26.4097 26.4097 ]
c0 = [ 91 250 250 250 250 250 250 250 105 105 ]
cp = [ 37.2518 8.04952 11.0237 11.0237 12.2658 12.2658 11.3137 11.3137 37.9207 37.9207 ]
D = [ 902 980 1022 1064 1171 1253 1302 1400 1491 1531 1668 1746 1776 1855 1954 2026 2010 2121 2260 2326 2389 2390 2547 2553 2683 2519 2379 2355 2147 2079 2026 1864 1801 1590 1524 1606 1769 1917 2024 2077 2321 2067 1956 1733 1613 1401 1178 1096 869 996 1075 1143 1243 1284 1385 1402 1504 1556 1625 1756 1856 1882 1925 2050 2058 2158 2275 2330 2365 2432 2540 2663 2680 2570 2511 2363 2337 2267 2063 1952 1932 1729 1737 1814 1904 2008 2026 2140 2220 2081 1847 1675 1612 1344 1220 961 ]
K = 6
nk = [ 1 2 3 3 4 4 5 5 6 6 ]
First = [ 1 1 1 0 1 0 1 0 1 0 ]
Last = [ 1 1 0 1 0 1 0 1 0 1 ]
nS = 1
S = [ 0 1 2 3 4 5 6 7 8 9 ]
