n = 10 ; 
T = 96 ; 
Init = [ 1 0 0 1 1 1 0 0 1 0 ]
L = [ 6 19 19 15 15 20 15 15 6 12 ]
l = [ 6 19 19 15 15 20 15 15 6 12 ]
Pmin = [ 69 420 420 322 322 420 288 288 103 247 ]
Pmax = [ 69 420 420 322 322 420 288 288 103 247 ]
cf = [ 17.5746 65.0461 65.0461 49.304 49.304 57.2613 50.438 50.438 53.4156 50.1474 ]
c0 = [ 91 250 250 218 218 250 193 193 96 182 ]
cp = [ 39.3828 10.7842 10.7842 17.247 17.247 9.42433 32.2899 32.2899 34.2242 19.6619 ]
D = [ 689 757 862 975 1045 1046 1157 1264 1270 1397 1432 1529 1559 1653 1714 1758 1888 1920 2051 2079 2214 2235 2373 2379 2493 2401 2302 2196 2071 1923 1829 1757 1606 1545 1399 1486 1711 1845 1968 2012 2201 1984 1866 1709 1514 1386 1201 1065 814 885 992 1018 1097 1204 1327 1364 1369 1526 1518 1684 1686 1748 1888 1890 1940 2106 2163 2165 2268 2337 2430 2457 2512 2453 2297 2211 2142 1936 1842 1714 1623 1566 1392 1560 1675 1804 1937 2100 2200 2032 1837 1646 1468 1226 1081 883 ]
K = 7
nk = [ 1 2 2 3 3 4 5 5 6 7 ]
First = [ 1 1 0 1 0 1 1 0 1 1 ]
Last = [ 1 0 1 0 1 1 0 1 1 1 ]
nS = 1
S = [ 0 1 2 3 4 5 6 7 8 9 ]
