n = 10 ; 
T = 96 ; 
Init = [ 1 1 0 0 0 0 0 0 0 1 ]
L = [ 16 16 18 10 10 10 16 16 16 6 ]
l = [ 16 16 18 10 10 10 16 16 16 6 ]
Pmin = [ 344 344 398 191 191 191 325 325 325 96 ]
Pmax = [ 344 344 398 191 191 191 325 325 325 96 ]
cf = [ 26.3506 26.3506 52.5104 16.5074 16.5074 16.5074 40.2801 40.2801 40.2801 11.8602 ]
c0 = [ 225 225 247 144 144 144 229 229 229 91 ]
cp = [ 14.4904 14.4904 15.8332 24.5797 24.5797 24.5797 23.0634 23.0634 23.0634 32.46 ]
D = [ 699 747 836 854 937 1000 1066 1151 1202 1333 1320 1432 1542 1606 1656 1709 1730 1826 1926 1989 2035 2103 2127 2269 2310 2186 2105 2009 1967 1881 1797 1653 1548 1487 1404 1513 1646 1760 1888 1895 2073 1840 1721 1551 1314 1179 995 822 646 728 794 891 981 1041 1075 1168 1234 1324 1401 1386 1482 1560 1678 1670 1767 1893 1955 1992 2062 2126 2209 2208 2370 2172 2175 1972 1878 1818 1747 1606 1557 1375 1261 1470 1624 1712 1835 1986 2094 1899 1748 1556 1371 1159 999 732 ]
K = 5
nk = [ 1 1 2 3 3 3 4 4 4 5 ]
First = [ 1 0 1 1 0 0 1 0 0 1 ]
Last = [ 0 1 1 0 0 1 0 0 1 1 ]
nS = 1
S = [ 0 1 2 3 4 5 6 7 8 9 ]
