n = 10 ; 
T = 96 ; 
Init = [ 1 0 0 0 0 0 0 0 0 0 ]
L = [ 17 12 12 12 12 12 17 8 8 8 ]
l = [ 17 12 12 12 12 12 17 8 8 8 ]
Pmin = [ 366 234 234 234 234 234 372 145 145 145 ]
Pmax = [ 366 234 234 234 234 234 372 145 145 145 ]
cf = [ 25.4806 51.5629 51.5629 51.5629 51.5629 51.5629 50.5582 63.7807 63.7807 63.7807 ]
c0 = [ 237 173 173 173 173 173 231 128 128 128 ]
cp = [ 15.0735 31.9393 31.9393 31.9393 31.9393 31.9393 11.3528 37.5067 37.5067 37.5067 ]
D = [ 530 590 705 704 822 864 914 948 1059 1066 1148 1263 1257 1310 1364 1444 1519 1612 1690 1691 1724 1790 1878 1948 2028 1896 1865 1765 1685 1555 1470 1343 1305 1181 1087 1219 1375 1477 1583 1696 1839 1700 1508 1319 1173 1068 899 767 595 712 700 792 873 850 953 993 1069 1133 1226 1267 1327 1343 1423 1469 1567 1551 1624 1732 1767 1801 1818 1899 2006 1901 1826 1700 1645 1526 1499 1428 1275 1272 1143 1290 1391 1490 1527 1647 1754 1593 1461 1337 1228 1120 986 824 ]
K = 4
nk = [ 1 2 2 2 2 2 3 4 4 4 ]
First = [ 1 1 0 0 0 0 1 1 0 0 ]
Last = [ 1 0 0 0 0 1 1 0 0 1 ]
nS = 1
S = [ 0 1 2 3 4 5 6 7 8 9 ]
