n = 10 ; 
T = 96 ; 
Init = [ 0 0 0 0 1 1 1 1 1 0 ]
L = [ 12 12 12 12 7 7 7 4 4 14 ]
l = [ 12 12 12 12 7 7 7 4 4 14 ]
Pmin = [ 255 255 235 235 116 116 129 59 59 308 ]
Pmax = [ 255 255 235 235 116 116 129 59 59 308 ]
cf = [ 11.6411 11.6411 45.0723 45.0723 17.9842 17.9842 36.0644 16.3866 16.3866 59.9751 ]
c0 = [ 191 191 160 160 110 110 119 71 71 207 ]
cp = [ 24.9117 24.9117 29.1214 29.1214 31.2504 31.2504 33.5836 38.5654 38.5654 21.104 ]
D = [ 398 491 520 582 587 638 719 748 768 824 878 964 1016 1011 1101 1131 1158 1215 1285 1332 1367 1416 1485 1488 1542 1501 1423 1357 1303 1201 1161 1040 985 926 890 929 1009 1072 1163 1217 1288 1137 1053 950 818 705 585 503 363 431 499 482 542 612 681 709 737 825 866 904 955 968 1020 1067 1104 1143 1194 1262 1327 1315 1363 1426 1475 1441 1332 1283 1208 1164 1060 1035 944 932 844 916 1007 1091 1145 1288 1344 1194 1131 993 881 754 687 567 ]
K = 6
nk = [ 1 1 2 2 3 3 4 5 5 6 ]
First = [ 1 0 1 0 1 0 1 1 0 1 ]
Last = [ 0 1 0 1 0 1 1 0 1 1 ]
nS = 1
S = [ 0 1 2 3 4 5 6 7 8 9 ]
