n = 10 ; 
T = 96 ; 
Init = [ 1 0 1 1 0 1 1 0 0 0 ]
L = [ 17 7 14 14 15 9 9 8 8 18 ]
l = [ 17 7 14 14 15 9 9 8 8 18 ]
Pmin = [ 367 110 311 311 315 172 172 132 132 407 ]
Pmax = [ 367 110 311 311 315 172 172 132 132 407 ]
cf = [ 29.6044 14.9483 42.7514 42.7514 20.4849 59.8489 59.8489 16.4587 16.4587 29.5372 ]
c0 = [ 241 104 198 198 229 138 138 127 127 250 ]
cp = [ 9.95151 33.2223 16.4446 16.4446 18.2109 35.0181 35.0181 35.1725 35.1725 10.8031 ]
D = [ 550 531 633 728 755 824 899 911 1033 1059 1112 1194 1226 1281 1354 1421 1503 1554 1663 1711 1725 1768 1836 1958 1959 1934 1859 1716 1682 1533 1470 1424 1291 1268 1157 1263 1328 1408 1560 1587 1728 1527 1424 1288 1079 988 758 666 490 520 573 652 790 784 913 986 1002 1073 1097 1174 1317 1354 1402 1435 1530 1610 1690 1738 1771 1869 1959 1956 2075 1986 1892 1839 1700 1705 1604 1517 1389 1373 1300 1431 1530 1610 1749 1798 1982 1802 1587 1475 1266 1131 889 808 ]
K = 7
nk = [ 1 2 3 3 4 5 5 6 6 7 ]
First = [ 1 1 1 0 1 1 0 1 0 1 ]
Last = [ 1 1 0 1 1 0 1 0 1 1 ]
nS = 1
S = [ 0 1 2 3 4 5 6 7 8 9 ]
