n = 10 ; 
T = 96 ; 
Init = [ 0 0 0 0 1 1 1 1 0 0 ]
L = [ 6 5 5 5 7 7 5 5 14 14 ]
l = [ 6 5 5 5 7 7 5 5 14 14 ]
Pmin = [ 97 76 76 76 99 99 45 45 298 298 ]
Pmax = [ 97 76 76 76 99 99 45 45 298 298 ]
cf = [ 7.38028 45.523 45.523 45.523 41.135 41.135 25.431 25.431 64.3638 64.3638 ]
c0 = [ 102 84 84 84 85 85 75 75 194 194 ]
cp = [ 37.7048 34.6037 34.6037 34.6037 34.9705 34.9705 41.3801 41.3801 30.4066 30.4066 ]
D = [ 354 397 389 427 466 470 506 516 562 574 607 637 655 672 700 771 752 810 829 846 885 929 953 982 973 954 928 892 860 824 747 730 710 647 593 667 712 750 807 823 894 791 738 682 569 518 458 348 285 338 360 363 429 451 509 527 558 587 623 627 688 705 758 764 793 866 897 898 944 995 1005 1026 1091 1034 980 923 869 834 800 748 684 639 606 671 712 752 803 842 877 808 744 685 600 508 469 381 ]
K = 5
nk = [ 1 2 2 2 3 3 4 4 5 5 ]
First = [ 1 1 0 0 1 0 1 0 1 0 ]
Last = [ 1 0 0 1 0 1 0 1 0 1 ]
nS = 1
S = [ 0 1 2 3 4 5 6 7 8 9 ]
