n = 10 ; 
T = 96 ; 
Init = [ 0 0 0 0 1 0 0 0 0 1 ]
L = [ 15 15 7 7 14 16 16 19 19 13 ]
l = [ 15 15 7 7 14 16 16 19 19 13 ]
Pmin = [ 329 329 130 130 302 363 363 420 420 250 ]
Pmax = [ 329 329 130 130 302 363 363 420 420 250 ]
cf = [ 39.9267 39.9267 19.3447 19.3447 32.9334 25.6835 25.6835 15.4937 15.4937 29.8054 ]
c0 = [ 214 214 131 131 199 243 243 250 250 174 ]
cp = [ 27.795 27.795 36.2944 36.2944 13.9515 14.4259 14.4259 13.121 13.121 13.5884 ]
D = [ 906 901 1017 1041 1116 1264 1296 1461 1441 1568 1646 1743 1796 1818 1894 1987 2112 2149 2269 2380 2396 2544 2561 2594 2748 2616 2525 2403 2256 2145 1912 1860 1667 1594 1489 1530 1641 1849 1857 1992 2128 1961 1819 1631 1410 1144 974 800 658 761 807 870 1006 1055 1095 1246 1308 1420 1503 1495 1627 1762 1753 1860 2015 2030 2162 2214 2274 2405 2423 2526 2674 2515 2430 2326 2213 2071 1975 1849 1725 1715 1568 1736 1807 1976 2090 2261 2339 2110 1968 1751 1453 1341 1027 922 ]
K = 6
nk = [ 1 1 2 2 3 4 4 5 5 6 ]
First = [ 1 0 1 0 1 1 0 1 0 1 ]
Last = [ 0 1 0 1 1 0 1 0 1 1 ]
nS = 1
S = [ 0 1 2 3 4 5 6 7 8 9 ]
