n = 10 ; 
T = 96 ; 
Init = [ 0 0 0 0 1 1 1 1 0 0 ]
L = [ 17 17 17 17 6 6 6 6 9 9 ]
l = [ 17 17 17 17 6 6 6 6 9 9 ]
Pmin = [ 361 361 361 361 91 91 91 91 159 159 ]
Pmax = [ 361 361 361 361 91 91 91 91 159 159 ]
cf = [ 54.4216 54.4216 54.4216 54.4216 63.0208 63.0208 63.0208 63.0208 29.2662 29.2662 ]
c0 = [ 250 250 250 250 86 86 86 86 133 133 ]
cp = [ 12.3452 12.3452 12.3452 12.3452 36.6873 36.6873 36.6873 36.6873 34.7563 34.7563 ]
D = [ 427 495 563 627 700 682 785 807 856 917 1019 1043 1124 1107 1237 1244 1331 1387 1433 1497 1528 1597 1607 1671 1734 1703 1604 1495 1424 1417 1333 1239 1161 1093 1094 1190 1201 1320 1384 1478 1604 1403 1323 1163 978 889 683 616 403 503 514 563 630 684 728 854 891 906 1022 1057 1055 1181 1226 1257 1276 1329 1400 1447 1563 1617 1621 1706 1783 1660 1597 1571 1449 1421 1342 1263 1197 1159 1075 1171 1283 1338 1422 1516 1617 1464 1325 1241 1074 1011 819 702 ]
K = 3
nk = [ 1 1 1 1 2 2 2 2 3 3 ]
First = [ 1 0 0 0 1 0 0 0 1 0 ]
Last = [ 0 0 0 1 0 0 0 1 0 1 ]
nS = 1
S = [ 0 1 2 3 4 5 6 7 8 9 ]
