n = 10 ; 
T = 96 ; 
Init = [ 1 1 1 1 0 1 1 1 1 1 ]
L = [ 11 11 17 17 14 11 15 16 16 5 ]
l = [ 11 11 17 17 14 11 15 16 16 5 ]
Pmin = [ 232 232 389 389 286 229 307 330 330 75 ]
Pmax = [ 232 232 389 389 286 229 307 330 330 75 ]
cf = [ 19.1436 19.1436 16.888 16.888 58.4871 48.3175 8.70242 28.6531 28.6531 18.7784 ]
c0 = [ 148 148 239 239 207 181 192 217 217 88 ]
cp = [ 32.2546 32.2546 16.7421 16.7421 23.092 31.1083 20.4058 24.8164 24.8164 38.9185 ]
D = [ 758 772 838 943 990 1090 1150 1223 1247 1348 1430 1417 1528 1594 1670 1720 1819 1891 1903 1983 2097 2145 2208 2265 2369 2211 2198 2099 1996 1831 1795 1688 1581 1431 1363 1477 1602 1768 1888 2080 2168 2087 1874 1679 1484 1279 1179 903 707 794 906 943 1003 1115 1148 1253 1315 1341 1436 1560 1615 1681 1785 1864 1905 1946 1968 2111 2121 2242 2261 2359 2450 2308 2208 2147 2035 1850 1796 1710 1541 1418 1299 1479 1645 1736 1951 1997 2156 1961 1848 1669 1470 1279 1109 881 ]
K = 7
nk = [ 1 1 2 2 3 4 5 6 6 7 ]
First = [ 1 0 1 0 1 1 1 1 0 1 ]
Last = [ 0 1 0 1 1 1 1 0 1 1 ]
nS = 1
S = [ 0 1 2 3 4 5 6 7 8 9 ]
