n = 10 ; 
T = 96 ; 
Init = [ 1 1 1 1 1 1 1 1 1 1 ]
L = [ 11 11 12 12 12 9 9 9 11 16 ]
l = [ 11 11 12 12 12 9 9 9 11 16 ]
Pmin = [ 196 196 233 233 233 194 194 194 232 359 ]
Pmax = [ 196 196 233 233 233 194 194 194 232 359 ]
cf = [ 24.8462 24.8462 48.761 48.761 48.761 52.8001 52.8001 52.8001 22.0994 39.4251 ]
c0 = [ 141 141 164 164 164 159 159 159 164 243 ]
cp = [ 19.8992 19.8992 28.8778 28.8778 28.8778 24.9577 24.9577 24.9577 26.9436 23.0819 ]
D = [ 696 754 728 787 871 953 980 1049 1099 1120 1180 1235 1316 1329 1450 1443 1515 1580 1669 1697 1696 1789 1825 1925 1970 1828 1811 1685 1613 1532 1492 1355 1279 1250 1119 1249 1335 1444 1500 1582 1749 1568 1408 1268 1137 954 844 642 494 616 604 691 786 820 915 920 995 1124 1134 1261 1250 1386 1412 1505 1511 1614 1689 1753 1753 1836 1918 1974 2005 1974 1855 1809 1700 1592 1480 1455 1316 1219 1127 1278 1318 1425 1520 1571 1654 1491 1402 1296 1116 991 915 768 ]
K = 5
nk = [ 1 1 2 2 2 3 3 3 4 5 ]
First = [ 1 0 1 0 0 1 0 0 1 1 ]
Last = [ 0 1 0 0 1 0 0 1 1 1 ]
nS = 1
S = [ 0 1 2 3 4 5 6 7 8 9 ]
