n = 10 ; 
T = 96 ; 
Init = [ 1 1 1 0 0 1 1 1 0 0 ]
L = [ 16 16 16 13 18 10 10 10 15 15 ]
l = [ 16 16 16 13 18 10 10 10 15 15 ]
Pmin = [ 335 335 335 272 389 210 210 210 326 326 ]
Pmax = [ 335 335 335 272 389 210 210 210 326 326 ]
cf = [ 15.1906 15.1906 15.1906 25.5564 63.3531 55.7235 55.7235 55.7235 17.9441 17.9441 ]
c0 = [ 244 244 244 199 250 145 145 145 221 221 ]
cp = [ 17.792 17.792 17.792 18.3888 16.0457 35.3836 35.3836 35.3836 15.0472 15.0472 ]
D = [ 687 747 828 843 942 1005 1056 1147 1233 1328 1348 1487 1485 1540 1612 1728 1774 1865 1934 1965 2104 2109 2205 2257 2329 2296 2182 2186 2015 1941 1927 1756 1668 1664 1552 1706 1789 1989 2043 2257 2362 2158 1998 1706 1602 1324 1193 944 785 827 997 1036 1047 1187 1258 1277 1369 1352 1485 1538 1611 1648 1771 1795 1871 1958 1955 2019 2137 2151 2184 2332 2406 2234 2166 2148 1994 1923 1894 1782 1687 1645 1507 1691 1821 1903 2041 2198 2317 2174 1852 1748 1458 1312 1049 771 ]
K = 5
nk = [ 1 1 1 2 3 4 4 4 5 5 ]
First = [ 1 0 0 1 1 1 0 0 1 0 ]
Last = [ 0 0 1 1 1 0 0 1 0 1 ]
nS = 1
S = [ 0 1 2 3 4 5 6 7 8 9 ]
