n = 10 ; 
T = 96 ; 
Init = [ 0 0 1 0 0 0 0 0 0 0 ]
L = [ 14 14 15 15 15 15 19 19 10 10 ]
l = [ 14 14 15 15 15 15 19 19 10 10 ]
Pmin = [ 277 277 310 329 329 329 414 414 198 198 ]
Pmax = [ 277 277 310 329 329 329 414 414 198 198 ]
cf = [ 50.2798 50.2798 42.4699 27.9399 27.9399 27.9399 43.5321 43.5321 29.2917 29.2917 ]
c0 = [ 176 176 201 215 215 215 250 250 148 148 ]
cp = [ 14.9339 14.9339 17.4314 26.8677 26.8677 26.8677 12.0687 12.0687 28.7322 28.7322 ]
D = [ 893 953 966 1084 1187 1251 1302 1289 1386 1438 1605 1609 1676 1743 1837 1903 1905 1983 2022 2177 2227 2320 2301 2450 2440 2378 2307 2202 2044 2027 1952 1834 1686 1558 1490 1596 1805 1940 1965 2082 2202 2026 1902 1721 1546 1325 1144 1027 832 818 932 979 1113 1218 1203 1292 1418 1504 1542 1636 1628 1772 1832 1837 2008 2063 2066 2119 2230 2355 2412 2483 2484 2431 2300 2221 2073 2020 1938 1855 1716 1554 1569 1587 1799 1823 1982 2126 2164 1996 1869 1658 1440 1301 1146 906 ]
K = 5
nk = [ 1 1 2 3 3 3 4 4 5 5 ]
First = [ 1 0 1 1 0 0 1 0 1 0 ]
Last = [ 0 1 1 0 0 1 0 1 0 1 ]
nS = 1
S = [ 0 1 2 3 4 5 6 7 8 9 ]
