n = 10 ; 
T = 96 ; 
Init = [ 0 0 0 0 0 0 0 0 0 0 ]
L = [ 11 11 4 14 11 11 11 11 15 15 ]
l = [ 11 11 4 14 11 11 11 11 15 15 ]
Pmin = [ 195 195 30 269 235 235 210 210 323 323 ]
Pmax = [ 195 195 30 269 235 235 210 210 323 323 ]
cf = [ 22.7097 22.7097 37.484 21.0377 25.0373 25.0373 24.0757 24.0757 30.0795 30.0795 ]
c0 = [ 147 147 65 174 169 169 160 160 214 214 ]
cp = [ 29.6791 29.6791 41.398 15.0256 19.4381 19.4381 17.8526 17.8526 14.5851 14.5851 ]
D = [ 630 703 726 806 789 908 947 990 1057 1029 1129 1128 1177 1277 1293 1325 1447 1484 1493 1531 1656 1673 1698 1741 1778 1774 1636 1618 1504 1441 1430 1343 1214 1177 1121 1166 1260 1345 1472 1495 1592 1462 1306 1183 1104 914 775 679 495 552 608 644 721 739 820 903 979 953 1065 1085 1161 1236 1269 1349 1380 1442 1449 1487 1619 1641 1647 1726 1834 1761 1655 1601 1558 1461 1422 1296 1292 1165 1111 1189 1263 1382 1490 1498 1627 1505 1369 1233 1133 975 866 743 ]
K = 6
nk = [ 1 1 2 3 4 4 5 5 6 6 ]
First = [ 1 0 1 1 1 0 1 0 1 0 ]
Last = [ 0 1 1 1 0 1 0 1 0 1 ]
nS = 1
S = [ 0 1 2 3 4 5 6 7 8 9 ]
