n = 10 ; 
T = 96 ; 
Init = [ 0 1 1 1 1 1 1 1 1 1 ]
L = [ 11 9 9 9 17 17 17 17 17 17 ]
l = [ 11 9 9 9 17 17 17 17 17 17 ]
Pmin = [ 220 161 161 161 364 364 364 364 352 352 ]
Pmax = [ 220 161 161 161 364 364 364 364 352 352 ]
cf = [ 9.52874 59.7211 59.7211 59.7211 11.9224 11.9224 11.9224 11.9224 41.3947 41.3947 ]
c0 = [ 161 137 137 137 250 250 250 250 234 234 ]
cp = [ 28.0046 30.5545 30.5545 30.5545 22.315 22.315 22.315 22.315 13.5293 13.5293 ]
D = [ 730 814 791 921 965 1024 1110 1147 1216 1266 1344 1428 1526 1538 1679 1681 1742 1860 1890 2005 2071 2130 2179 2278 2268 2225 2108 2069 1911 1851 1793 1742 1586 1552 1450 1608 1674 1813 1941 2125 2248 2060 1819 1647 1518 1238 1116 867 734 802 823 912 1063 1130 1149 1211 1307 1361 1467 1502 1653 1667 1747 1787 1908 1920 2062 2071 2149 2310 2381 2370 2485 2314 2195 2157 1976 1933 1805 1711 1548 1482 1405 1466 1655 1784 1948 2046 2270 2030 1880 1745 1560 1417 1249 997 ]
K = 4
nk = [ 1 2 2 2 3 3 3 3 4 4 ]
First = [ 1 1 0 0 1 0 0 0 1 0 ]
Last = [ 1 0 0 1 0 0 0 1 0 1 ]
nS = 1
S = [ 0 1 2 3 4 5 6 7 8 9 ]
