n = 10 ; 
T = 96 ; 
Init = [ 0 0 1 0 1 1 0 0 1 1 ]
L = [ 19 5 12 4 12 12 13 13 16 16 ]
l = [ 19 5 12 4 12 12 13 13 16 16 ]
Pmin = [ 420 82 241 45 243 243 274 274 345 345 ]
Pmax = [ 420 82 241 45 243 243 274 274 345 345 ]
cf = [ 52.3725 21.5002 9.07496 35.5524 59.4008 59.4008 52.1905 52.1905 17.1623 17.1623 ]
c0 = [ 250 93 169 57 182 182 184 184 226 226 ]
cp = [ 11.014 38.666 29.7829 41.9885 20.9956 20.9956 18.2707 18.2707 18.484 18.484 ]
D = [ 619 679 777 770 808 903 954 980 1093 1171 1229 1294 1309 1431 1409 1515 1581 1611 1697 1704 1772 1847 1899 1992 1992 1995 1839 1810 1754 1618 1552 1475 1440 1312 1269 1405 1506 1646 1749 1802 1962 1798 1691 1540 1337 1149 1045 848 735 772 860 897 956 993 1052 1153 1202 1262 1306 1405 1501 1466 1551 1672 1727 1750 1816 1858 1926 1993 2083 2115 2129 2118 2028 1858 1751 1704 1622 1511 1441 1287 1254 1292 1426 1502 1682 1804 1881 1765 1545 1377 1266 1072 865 749 ]
K = 7
nk = [ 1 2 3 4 5 5 6 6 7 7 ]
First = [ 1 1 1 1 1 0 1 0 1 0 ]
Last = [ 1 1 1 1 0 1 0 1 0 1 ]
nS = 1
S = [ 0 1 2 3 4 5 6 7 8 9 ]
