n = 10 ; 
T = 96 ; 
Init = [ 1 1 1 0 0 0 1 0 0 1 ]
L = [ 19 19 16 18 17 18 5 9 15 9 ]
l = [ 19 19 16 18 17 18 5 9 15 9 ]
Pmin = [ 410 410 336 389 359 378 72 178 318 146 ]
Pmax = [ 410 410 336 389 359 378 72 178 318 146 ]
cf = [ 42.4743 42.4743 54.8597 46.5383 69.8527 28.385 51.4985 54.8601 13.9515 13.4397 ]
c0 = [ 250 250 241 246 226 250 87 136 218 122 ]
cp = [ 12.6844 12.6844 13.3797 17.0078 17.9406 26.9848 38.7152 32.3919 11.7981 29.0353 ]
D = [ 690 777 902 977 1001 1140 1144 1321 1300 1422 1512 1597 1630 1696 1836 1871 1994 2037 2057 2224 2308 2372 2425 2432 2614 2452 2348 2248 2109 2100 1889 1817 1699 1656 1462 1646 1781 1869 2033 2190 2323 2070 1923 1700 1556 1352 1208 989 858 936 965 1012 1090 1245 1258 1313 1483 1529 1571 1683 1762 1858 1856 1892 2023 2048 2208 2268 2329 2448 2425 2585 2623 2500 2423 2260 2189 2065 1991 1830 1709 1589 1521 1630 1818 1915 2005 2168 2238 2096 1859 1614 1494 1180 1018 834 ]
K = 9
nk = [ 1 1 2 3 4 5 6 7 8 9 ]
First = [ 1 0 1 1 1 1 1 1 1 1 ]
Last = [ 0 1 1 1 1 1 1 1 1 1 ]
nS = 1
S = [ 0 1 2 3 4 5 6 7 8 9 ]
