n = 10 ; 
T = 96 ; 
Init = [ 1 1 1 1 1 1 1 0 0 0 ]
L = [ 17 17 8 8 8 8 8 10 10 10 ]
l = [ 17 17 8 8 8 8 8 10 10 10 ]
Pmin = [ 390 390 149 149 149 149 149 196 196 196 ]
Pmax = [ 390 390 149 149 149 149 149 196 196 196 ]
cf = [ 23.3712 23.3712 45.494 45.494 45.494 45.494 45.494 43.1303 43.1303 43.1303 ]
c0 = [ 250 250 131 131 131 131 131 147 147 147 ]
cp = [ 16.3351 16.3351 33.2926 33.2926 33.2926 33.2926 33.2926 21.527 21.527 21.527 ]
D = [ 569 671 694 762 822 885 878 970 1049 1097 1086 1133 1244 1290 1344 1381 1381 1465 1499 1539 1634 1679 1748 1803 1821 1728 1687 1642 1491 1430 1355 1277 1181 1163 1101 1170 1234 1268 1378 1469 1501 1438 1330 1226 1072 967 849 729 602 658 734 770 778 885 931 953 977 1105 1108 1190 1247 1240 1306 1404 1427 1506 1556 1548 1635 1696 1736 1749 1808 1720 1654 1570 1551 1488 1377 1277 1220 1135 1105 1154 1276 1306 1410 1506 1529 1385 1312 1140 1023 966 757 697 ]
K = 3
nk = [ 1 1 2 2 2 2 2 3 3 3 ]
First = [ 1 0 1 0 0 0 0 1 0 0 ]
Last = [ 0 1 0 0 0 0 1 0 0 1 ]
nS = 1
S = [ 0 1 2 3 4 5 6 7 8 9 ]
