n = 10 ; 
T = 96 ; 
Init = [ 1 1 0 0 0 1 1 0 0 0 ]
L = [ 18 18 13 13 17 16 16 17 17 15 ]
l = [ 18 18 13 13 17 16 16 17 17 15 ]
Pmin = [ 413 413 278 278 350 356 356 372 372 307 ]
Pmax = [ 413 413 278 278 350 356 356 372 372 307 ]
cf = [ 27.0586 27.0586 28.3101 28.3101 16.971 30.5876 30.5876 27.0404 27.0404 41.5901 ]
c0 = [ 250 250 192 192 221 235 235 250 250 217 ]
cp = [ 16.0511 16.0511 20.6576 20.6576 15.141 16.499 16.499 13.7234 13.7234 16.4768 ]
D = [ 1017 1143 1182 1272 1416 1454 1615 1617 1771 1753 1877 1969 2057 2198 2287 2372 2367 2459 2658 2684 2767 2860 2894 2999 3140 2996 2798 2654 2555 2377 2285 2207 2067 1926 1711 1901 1984 2116 2360 2368 2535 2343 2161 1995 1716 1535 1366 1134 1006 1124 1127 1195 1394 1391 1499 1518 1702 1730 1888 1929 2021 2093 2221 2309 2350 2490 2469 2654 2670 2819 2923 2955 2992 2841 2814 2631 2523 2371 2192 2072 1952 1831 1693 1846 2076 2260 2348 2536 2663 2432 2185 2067 1823 1619 1363 1074 ]
K = 6
nk = [ 1 1 2 2 3 4 4 5 5 6 ]
First = [ 1 0 1 0 1 1 0 1 0 1 ]
Last = [ 0 1 0 1 1 0 1 0 1 1 ]
nS = 1
S = [ 0 1 2 3 4 5 6 7 8 9 ]
