n = 10 ; 
T = 96 ; 
Init = [ 0 0 0 0 0 0 1 1 1 1 ]
L = [ 8 7 7 7 7 7 13 13 13 13 ]
l = [ 8 7 7 7 7 7 13 13 13 13 ]
Pmin = [ 153 131 131 131 131 131 279 279 279 279 ]
Pmax = [ 153 131 131 131 131 131 279 279 279 279 ]
cf = [ 12.5298 38.0084 38.0084 38.0084 38.0084 38.0084 20.8539 20.8539 20.8539 20.8539 ]
c0 = [ 128 107 107 107 107 107 186 186 186 186 ]
cp = [ 23.9616 26.1684 26.1684 26.1684 26.1684 26.1684 22.3343 22.3343 22.3343 22.3343 ]
D = [ 415 429 521 573 559 636 687 756 818 804 883 937 988 1034 1070 1108 1189 1256 1273 1326 1347 1440 1479 1532 1600 1516 1466 1401 1342 1305 1256 1146 1074 1066 959 1034 1109 1214 1309 1319 1438 1282 1172 1012 930 806 634 507 367 418 534 557 617 651 675 757 800 851 920 939 1019 1089 1109 1221 1234 1269 1349 1413 1466 1514 1549 1608 1691 1606 1492 1455 1376 1334 1265 1180 1137 1055 941 1042 1078 1149 1280 1307 1376 1269 1162 1081 915 852 753 625 ]
K = 3
nk = [ 1 2 2 2 2 2 3 3 3 3 ]
First = [ 1 1 0 0 0 0 1 0 0 0 ]
Last = [ 1 0 0 0 0 1 0 0 0 1 ]
nS = 1
S = [ 0 1 2 3 4 5 6 7 8 9 ]
