n = 10 ; 
T = 96 ; 
Init = [ 0 0 0 0 1 1 1 1 0 0 ]
L = [ 15 15 15 15 13 11 11 11 16 16 ]
l = [ 15 15 15 15 13 11 11 11 16 16 ]
Pmin = [ 289 289 289 289 264 225 225 225 346 346 ]
Pmax = [ 289 289 289 289 264 225 225 225 346 346 ]
cf = [ 42.1549 42.1549 42.1549 42.1549 37.4223 48.0642 48.0642 48.0642 36.6779 36.6779 ]
c0 = [ 182 182 182 182 185 162 162 162 217 217 ]
cp = [ 18.1358 18.1358 18.1358 18.1358 28.668 23.8786 23.8786 23.8786 15.8023 15.8023 ]
D = [ 790 820 856 994 1046 1116 1215 1201 1307 1432 1496 1521 1542 1626 1769 1788 1900 1923 1961 2053 2166 2197 2338 2375 2422 2282 2191 2120 2027 1947 1742 1692 1570 1443 1348 1442 1550 1718 1838 1981 2092 1910 1711 1587 1418 1292 1116 878 717 795 876 942 1036 1044 1126 1250 1274 1414 1413 1530 1574 1653 1751 1837 1912 1916 1987 2050 2137 2256 2320 2340 2454 2390 2236 2139 2029 1914 1851 1766 1657 1603 1401 1503 1684 1679 1834 1855 2031 1863 1681 1466 1307 1151 1062 794 ]
K = 4
nk = [ 1 1 1 1 2 3 3 3 4 4 ]
First = [ 1 0 0 0 1 1 0 0 1 0 ]
Last = [ 0 0 0 1 1 0 0 1 0 1 ]
nS = 1
S = [ 0 1 2 3 4 5 6 7 8 9 ]
