n = 10 ; 
T = 96 ; 
Init = [ 0 0 0 0 1 1 1 0 0 1 ]
L = [ 9 9 9 19 17 17 17 11 11 8 ]
l = [ 9 9 9 19 17 17 17 11 11 8 ]
Pmin = [ 161 161 161 416 388 388 388 215 215 134 ]
Pmax = [ 161 161 161 416 388 388 388 215 215 134 ]
cf = [ 56.4823 56.4823 56.4823 9.37856 35.0635 35.0635 35.0635 54.189 54.189 31.704 ]
c0 = [ 112 112 112 250 250 250 250 157 157 114 ]
cp = [ 21.675 21.675 21.675 11.8489 20.0581 20.0581 20.0581 22.4495 22.4495 33.3498 ]
D = [ 744 763 850 953 967 1003 1134 1205 1227 1322 1296 1418 1469 1544 1571 1648 1699 1752 1766 1849 1970 1948 1997 2141 2186 2042 2022 1919 1877 1803 1630 1582 1468 1430 1321 1452 1576 1619 1762 1850 2033 1828 1716 1522 1333 1189 1013 921 704 814 818 895 959 1046 1056 1126 1227 1269 1306 1344 1356 1420 1477 1533 1634 1675 1703 1864 1845 1944 1969 2071 2152 2001 1975 1856 1797 1736 1578 1496 1487 1380 1317 1405 1524 1608 1814 1871 2044 1834 1685 1522 1317 1168 1002 737 ]
K = 5
nk = [ 1 1 1 2 3 3 3 4 4 5 ]
First = [ 1 0 0 1 1 0 0 1 0 1 ]
Last = [ 0 0 1 1 0 0 1 0 1 1 ]
nS = 1
S = [ 0 1 2 3 4 5 6 7 8 9 ]
