n = 10 ; 
T = 96 ; 
Init = [ 1 1 1 1 0 0 0 0 0 0 ]
L = [ 6 19 19 15 7 7 6 18 18 18 ]
l = [ 6 19 19 15 7 7 6 18 18 18 ]
Pmin = [ 72 420 420 341 99 99 84 360 360 360 ]
Pmax = [ 72 420 420 341 99 99 84 360 360 360 ]
cf = [ 47.7919 38.8912 38.8912 41.9841 45.0788 45.0788 56.7464 57.2845 57.2845 57.2845 ]
c0 = [ 78 250 250 243 92 92 71 241 241 241 ]
cp = [ 37.33 10.2103 10.2103 15.96 36.4731 36.4731 31.3878 19.6519 19.6519 19.6519 ]
D = [ 743 768 819 930 980 1005 1069 1127 1183 1220 1339 1362 1447 1497 1602 1600 1648 1738 1846 1900 1904 2013 2051 2164 2249 2138 2021 1974 1877 1810 1718 1620 1516 1412 1362 1452 1623 1676 1865 1925 2057 1910 1747 1614 1455 1229 1136 963 791 810 848 947 1038 1113 1095 1204 1272 1345 1329 1483 1486 1541 1639 1678 1799 1835 1884 1919 1957 2037 2079 2161 2209 2194 2089 1997 1861 1769 1735 1558 1528 1366 1332 1408 1547 1614 1634 1779 1857 1661 1552 1434 1232 1055 913 772 ]
K = 6
nk = [ 1 2 2 3 4 4 5 6 6 6 ]
First = [ 1 1 0 1 1 0 1 1 0 0 ]
Last = [ 1 0 1 1 0 1 1 0 0 1 ]
nS = 1
S = [ 0 1 2 3 4 5 6 7 8 9 ]
